#labels: pth_lower[1]   pth_center[2]   pth_upper[3]   tot_scale01[4]   tot_scale01_Err[5]   tot_scale02[6]   tot_scale02_Err[7]   tot_scale03[8]   tot_scale03_Err[9]   tot_scale04[10]  tot_scale04_Err[11]  tot_scale05[12]  tot_scale05_Err[13]  tot_scale06[14]  tot_scale06_Err[15]  tot_scale07[16]  tot_scale07_Err[17] 
#neval: 1969150
#overflow:lower center upper    8.4332056724E+001    1.2461382301E+000    5.6790704878E+001    8.4132867441E-001    1.2915103259E+002    1.9039964995E+000    6.2918790940E+001    9.2972368790E-001    7.6118388062E+001    1.1276595820E+000    1.1577337902E+002    1.7107330146E+000    9.4076654744E+001    1.3869159055E+000
    1.0000000000E-002    1.1294627059E-002    1.2589254118E-002    1.3267009680E+002    2.3822527691E+001    9.1416131616E+001    1.6441980664E+001    1.9798227282E+002    3.5486301777E+001    9.8983025069E+001    1.7773604696E+001    1.2252794883E+002    2.2037709646E+001    1.8213317685E+002    3.2704224641E+001    1.4421495169E+002    2.5849058218E+001
    1.2589254118E-002    1.4219093021E-002    1.5848931925E-002    2.8574895059E+002    4.5602821907E+001    1.9625677339E+002    3.1305261559E+001    4.2795944317E+002    6.8335316065E+001    2.1319269543E+002    3.4023531849E+001    2.6304919562E+002    4.1959437778E+001    3.9228405954E+002    6.2604814706E+001    3.1173574049E+002    4.9777054099E+001
    1.5848931925E-002    1.7900777537E-002    1.9952623150E-002    2.7161588905E+002    4.7039677970E+001    1.8595197930E+002    3.2219409664E+001    4.0821640618E+002    7.0649125795E+001    2.0264824555E+002    3.5095547044E+001    2.4923735234E+002    4.3184699559E+001    3.7288180191E+002    6.4577370434E+001    2.9735444722E+002    5.1462487616E+001
    1.9952623150E-002    2.2535743732E-002    2.5118864315E-002    9.9498171339E+002    5.1172363435E+002    6.8276834684E+002    3.5026351535E+002    1.4915172302E+003    7.6907731313E+002    7.4233985089E+002    3.8178877190E+002    9.1513613174E+002    4.6946933028E+002    1.3659384046E+003    7.0250835298E+002    1.0864562884E+003    5.6021403319E+002
    2.5118864315E-002    2.8370820458E-002    3.1622776602E-002    7.2353998090E+002    2.0239885496E+002    4.9745738021E+002    1.3848019582E+002    1.0827072368E+003    3.0454304072E+002    5.3982154075E+002    1.5100652986E+002    6.6675794908E+002    1.8560941103E+002    9.9329568966E+002    2.7785874385E+002    7.8866945825E+002    2.2183632544E+002
    3.1622776602E-002    3.5716746829E-002    3.9810717055E-002    4.7011366754E+002    6.7305115757E+001    3.2246142958E+002    4.6022948052E+001    7.0516864282E+002    1.0131716412E+002    3.5074424501E+002    5.0215264183E+001    4.3220531044E+002    6.1686021104E+001    6.4538504014E+002    9.2398323711E+001    5.1366145215E+002    7.3801809223E+001
    3.9810717055E-002    4.4964720209E-002    5.0118723363E-002    5.4198164803E+002    1.3658707779E+002    3.7165262837E+002    9.3743163424E+001    8.1348849979E+002    2.0510009515E+002    4.0436378917E+002    1.0190542157E+002    4.9813783878E+002    1.2564694358E+002    7.4404739070E+002    1.8751051664E+002    5.9256418781E+002    1.4939974116E+002
    5.0118723363E-002    5.6607228905E-002    6.3095734448E-002    5.4748647275E+002    6.8770912519E+001    3.7591284811E+002    4.7285668922E+001    8.2026467942E+002    1.0288366308E+002    4.0847085035E+002    5.1308871568E+001    5.0384794680E+002    6.3378486048E+001    7.5160456627E+002    9.4410610031E+001    5.9750011669E+002    7.4942883970E+001
    6.3095734448E-002    7.1264278960E-002    7.9432823472E-002    6.0156966538E+002    1.2916957069E+002    4.0945250728E+002    8.6301383360E+001    9.1047843243E+002    1.9969209107E+002    4.4882145037E+002    9.6371338847E+001    5.4880221876E+002    1.1567248906E+002    8.2585146837E+002    1.7732755783E+002    6.6321393968E+002    1.4546042358E+002
    7.9432823472E-002    8.9716411736E-002    1.0000000000E-001    4.5173399862E+002    5.0603073162E+001    3.0851344487E+002    3.3998574328E+001    6.8097340500E+002    7.7709565883E+001    3.3703146969E+002    3.7754138875E+001    4.1351038290E+002    4.5569370547E+001    6.2015292250E+002    6.9469297871E+001    4.9603707091E+002    5.6605478510E+001
    1.0000000000E-001    1.1294627059E-001    1.2589254118E-001    4.2596411638E+002    5.5163286493E+001    2.9176808510E+002    3.7599323410E+001    6.3998606103E+002    8.3353733351E+001    3.1780497509E+002    4.1156440685E+001    3.9106604458E+002    5.0395569069E+001    5.8477531569E+002    7.5729684809E+001    4.6618092396E+002    6.0716823062E+001
    1.2589254118E-001    1.4219093021E-001    1.5848931925E-001    2.9323274950E+002    3.1463696834E+001    1.9973905225E+002    2.1162663781E+001    4.4327590894E+002    4.8205287972E+001    2.1877623740E+002    2.3474558077E+001    2.6771660473E+002    2.8364991377E+001    4.0255802558E+002    4.3194232897E+001    3.2289261498E+002    3.5113867403E+001
    1.5848931925E-001    1.7900777537E-001    1.9952623150E-001    2.4200488547E+002    1.6873054471E+001    1.6513293800E+002    1.1352593690E+001    3.6518992647E+002    2.5886307889E+001    1.8055595211E+002    1.2588714518E+001    2.2133292911E+002    1.5216242409E+001    3.3223099754E+002    2.3163795671E+001    2.6601294576E+002    1.8856196509E+001
    1.9952623150E-001    2.2535743732E-001    2.5118864315E-001    2.7191903037E+002    3.0168662782E+001    1.8600969298E+002    2.0824700436E+001    4.0919681887E+002    4.4965250881E+001    2.0287441442E+002    2.2508354003E+001    2.4931470782E+002    2.7912008355E+001    3.7329796270E+002    4.1416374347E+001    2.9806860293E+002    3.2753748056E+001
    2.5118864315E-001    2.8370820458E-001    3.1622776602E-001    1.8235603405E+002    1.3575326012E+001    1.2478066900E+002    9.3303375913E+000    2.7430375534E+002    2.0320952605E+001    1.3605290359E+002    1.0128332362E+001    1.6724749950E+002    1.2505748239E+001    2.5034340518E+002    1.8636582869E+001    1.9980931758E+002    1.4802260608E+001
    3.1622776602E-001    3.5716746829E-001    3.9810717055E-001    1.7935370536E+002    1.8200026293E+001    1.2241481868E+002    1.2465675330E+001    2.7057502797E+002    2.7354214001E+001    1.3381291445E+002    1.3578746848E+001    1.6407647507E+002    1.6708141135E+001    2.4622172535E+002    2.4985499276E+001    1.9709322472E+002    1.9925453902E+001
    3.9810717055E-001    4.4964720209E-001    5.0118723363E-001    1.2647828040E+002    8.6480747925E+000    8.6416737427E+001    5.9011623875E+000    1.9055710346E+002    1.3049199359E+001    9.4363410456E+001    6.4521894881E+000    1.1582710179E+002    7.9095156433E+000    1.7363288011E+002    1.1872316170E+001    1.3880628340E+002    9.5053442330E+000
    5.0118723363E-001    5.6607228905E-001    6.3095734448E-001    1.1571356794E+002    1.1424294664E+001    7.9245976647E+001    7.8819695720E+000    1.7388991767E+002    1.7026507967E+001    8.6332031649E+001    8.5234824752E+000    1.0621590304E+002    1.0564454515E+001    1.5885478523E+002    1.5683587565E+001    1.2666551261E+002    1.2402509522E+001
    6.3095734448E-001    7.1264278960E-001    7.9432823472E-001    9.7234538518E+001    7.0168915766E+000    6.6347705680E+001    4.7703095968E+000    1.4673635436E+002    1.0633924476E+001    7.2545125055E+001    5.2351899303E+000    8.8927940211E+001    6.3937976795E+000    1.3348626274E+002    9.6329827540E+000    1.0688621741E+002    7.7460011077E+000
    7.9432823472E-001    8.9716411736E-001    1.0000000000E+000    7.8514838802E+001    6.8228117926E+000    5.3588606941E+001    4.6424868140E+000    1.1843774433E+002    1.0323515280E+001    5.8578658226E+001    5.0903901254E+000    7.1826514349E+001    6.2224727380E+000    1.0778734143E+002    9.3665446607E+000    8.6272843184E+001    7.5198917364E+000
    1.0000000000E+000    1.1294627059E+000    1.2589254118E+000    5.8353601338E+001    4.1320349701E+000    3.9839223697E+001    2.8316297051E+000    8.8004749177E+001    6.2075948653E+000    4.3536683271E+001    3.0828448225E+000    5.3397778667E+001    3.7953233579E+000    8.0109437232E+001    5.6725718463E+000    6.4104732560E+001    4.5217583415E+000
    1.2589254118E+000    1.4219093021E+000    1.5848931925E+000    5.2685218185E+001    8.3245808995E+000    3.5958197153E+001    5.6773774632E+000    7.9487563362E+001    1.2569382317E+001    3.9307593784E+001    6.2108358983E+000    4.8195915348E+001    7.6095695915E+000    7.2327724125E+001    1.1428214810E+001    5.7900613760E+001    9.1558341954E+000
    1.5848931925E+000    1.7900777537E+000    1.9952623150E+000    3.7054989134E+001    2.0530437017E+000    2.5265624338E+001    1.4027903358E+000    5.5964816570E+001    3.0940219926E+000    2.7646131319E+001    1.5317428802E+000    3.3864319912E+001    1.8802045049E+000    5.0870113551E+001    2.8184751547E+000    4.0766090836E+001    2.2537585099E+000
    1.9952623150E+000    2.2535743732E+000    2.5118864315E+000    3.4269970086E+001    3.0329286064E+000    2.3451882993E+001    2.0979577668E+000    5.1551619076E+001    4.5085377640E+000    2.5568273408E+001    2.2628192450E+000    3.1433304697E+001    2.8119595235E+000    4.7046762404E+001    4.1636882429E+000    3.7551413814E+001    3.2841251217E+000
    2.5118864315E+000    2.8370820458E+000    3.1622776602E+000    4.1017757406E+001    1.4755397086E+001    2.8032074944E+001    1.0141542496E+001    6.1793574294E+001    2.2087410899E+001    3.0602688981E+001    1.1008764407E+001    3.7572281649E+001    1.3593031974E+001    5.6310311395E+001    2.0256617065E+001    4.5011895280E+001    1.6088990445E+001
    3.1622776602E+000    3.5716746829E+000    3.9810717055E+000    2.9488610216E+001    1.0499447096E+001    1.9612787458E+001    6.6660689749E+000    4.5830913101E+001    1.7146361425E+001    2.2000977723E+001    7.8334685825E+000    2.6287642844E+001    8.9347442714E+000    4.0482779384E+001    1.4413931255E+001    3.3384316810E+001    1.2489813604E+001
    3.9810717055E+000    4.4964720209E+000    5.0118723363E+000    1.5204141108E+001    1.0835552399E+000    1.0378880114E+001    7.3768018972E-001    2.2932252015E+001    1.6395243101E+000    1.1343565104E+001    8.0842313425E-001    1.3911143133E+001    9.8873622131E-001    2.0872665266E+001    1.4875345907E+000    1.6704392617E+001    1.1942681322E+000
    5.0118723363E+000    5.6607228905E+000    6.3095734448E+000    1.3240674392E+001    9.7879505679E-001    9.0446649590E+000    6.7235942592E-001    1.9957466383E+001    1.4663649836E+000    9.8786541720E+000    7.3026324679E-001    1.2122852124E+001    9.0118472396E-001    1.8177163874E+001    1.3437169149E+000    1.4537488681E+001    1.0681347994E+000
    6.3095734448E+000    7.1264278960E+000    7.9432823472E+000    9.9722406610E+000    4.4074039840E-001    6.8054460452E+000    3.0073198705E-001    1.5046712687E+001    6.6541124197E-001    7.4401283418E+000    3.2882932141E-001    9.1215557919E+000    4.0308064748E-001    1.3690167684E+001    6.0506060418E-001    1.0960379999E+001    4.8470122474E-001
    7.9432823472E+000    8.9716411736E+000    1.0000000000E+001    7.5796156913E+000    3.7950376703E-001    5.1714249381E+000    2.5924592398E-001    1.1439265941E+001    5.7220753727E-001    5.6550293401E+000    2.8314165581E-001    6.9314253294E+000    3.4747555761E-001    1.0405505976E+001    5.2099326361E-001    8.3326308036E+000    4.1680945050E-001
    1.0000000000E+001    1.1294627059E+001    1.2589254118E+001    6.8100294302E+000    4.5951224774E-001    4.6344279258E+000    3.0816916900E-001    1.0308046954E+001    7.0709879360E-001    5.0808534105E+000    3.4283469624E-001    6.2116711539E+000    4.1304893899E-001    9.3489966803E+000    6.3083111795E-001    7.5086242434E+000    5.1506741944E-001
    1.2589254118E+001    1.4219093021E+001    1.5848931925E+001    5.4098215588E+000    2.5149961499E-001    3.6838032982E+000    1.7117708044E-001    8.1820877013E+000    3.8068802861E-001    4.0361808416E+000    1.8763981707E-001    4.9375187295E+000    2.2943408545E-001    7.4267526025E+000    3.4526562472E-001    5.9600254393E+000    2.7730212848E-001
    1.5848931925E+001    1.7900777537E+001    1.9952623150E+001    4.0573246919E+000    2.6561771355E-001    2.7659949803E+000    1.7980573737E-001    6.1291152045E+000    4.0460670570E-001    3.0271046857E+000    1.9817310330E-001    3.7073510487E+000    2.4099934879E-001    5.5700075108E+000    3.6464734075E-001    4.4645919077E+000    2.9472505636E-001
    1.9952623150E+001    2.2535743732E+001    2.5118864315E+001    3.1480039487E+000    1.4534745567E-001    2.1456504799E+000    9.9781429914E-002    4.7566380736E+000    2.1801644712E-001    2.3486751068E+000    1.0844139859E-001    2.8758835839E+000    1.3374022421E-001    4.3216668544E+000    1.9953700560E-001    3.4648472320E+000    1.5880831622E-001
    2.5118864315E+001    2.8370820458E+001    3.1622776602E+001    2.4947560736E+000    1.3362679434E-001    1.6974256351E+000    8.9744198736E-002    3.7768919659E+000    2.0527789791E-001    1.8612973754E+000    9.9696801711E-002    2.2751135679E+000    1.2028700401E-001    3.4248701109E+000    1.8344655768E-001    2.7511770858E+000    1.4952925688E-001
    3.1622776602E+001    3.5716746829E+001    3.9810717055E+001    2.0378956776E+000    1.2828938862E-001    1.3831681724E+000    8.6657271497E-002    3.0937653172E+000    1.9587281530E-001    1.5204411831E+000    9.5714649164E-002    1.8539042952E+000    1.1614949725E-001    2.7976795284E+000    1.7611921955E-001    2.2535715415E+000    1.4267837314E-001
    3.9810717055E+001    4.4964720209E+001    5.0118723363E+001    1.6823177887E+000    1.1481519925E-001    1.1438745494E+000    7.7113370942E-002    2.5489650396E+000    1.7651782217E-001    1.2551502400E+000    8.5661773220E-002    1.5331714412E+000    1.0335750378E-001    2.3095323717E+000    1.5762147985E-001    1.8567261846E+000    1.2857974016E-001
    5.0118723363E+001    5.6607228905E+001    6.3095734448E+001    1.1351264498E+000    4.8890139251E-002    7.7216284204E-001    3.3163473475E-002    1.7189181006E+000    7.4284236622E-002    8.4689958435E-001    3.6476146439E-002    1.0349544170E+000    4.4450058312E-002    1.5583329734E+000    6.7117734841E-002    1.2521004396E+000    5.4110387980E-002
    6.3095734448E+001    7.1264278960E+001    7.9432823472E+001    9.4288185471E-001    4.9916421666E-002    6.4135263167E-001    3.3785333958E-002    1.4278428630E+000    7.6003819482E-002    7.0346898442E-001    3.7241839240E-002    8.5962533142E-001    4.5283557697E-002    1.2944142782E+000    6.8526643714E-002    1.0400743792E+000    5.5362972646E-002
    7.9432823472E+001    8.9716411736E+001    1.0000000000E+002    7.0320338931E-001    3.0563505854E-002    4.7742439229E-001    2.0612734907E-002    1.0671234339E+000    4.6735038486E-002    5.2464873690E-001    2.2802940067E-002    6.3990709818E-001    2.7627904214E-002    9.6537705447E-001    4.1958425833E-002    7.7731784905E-001    3.4042903040E-002
#nx: 3
