#labels: pth_lower[1]   pth_center[2]   pth_upper[3]   tot_scale01[4]   tot_scale01_Err[5]   tot_scale02[6]   tot_scale02_Err[7]   tot_scale03[8]   tot_scale03_Err[9]   tot_scale04[10]  tot_scale04_Err[11]  tot_scale05[12]  tot_scale05_Err[13]  tot_scale06[14]  tot_scale06_Err[15]  tot_scale07[16]  tot_scale07_Err[17] 
#neval: 1868388
#overflow:lower center upper    4.0658939254E+002    4.6836399170E+000    2.6700432496E+002    3.0814021087E+000    6.3981102011E+002    7.3593892194E+000    3.0334980530E+002    3.4943884002E+000    3.5787438922E+002    4.1301012549E+000    5.5817715915E+002    6.4298303678E+000    4.6605342003E+002    5.3607524835E+000
    1.0000000000E-002    1.1294627059E-002    1.2589254118E-002    8.9955039487E+003    5.4583373574E+002    6.0260847688E+003    3.6549073639E+002    1.3839672745E+004    8.4032659947E+002    6.7114007927E+003    4.0723776985E+002    8.0769530843E+003    4.8987885896E+002    1.2349276522E+004    7.4933564322E+002    1.0081143670E+004    6.1211369189E+002
    1.2589254118E-002    1.4219093021E-002    1.5848931925E-002    1.1890262874E+004    8.8724725709E+002    7.9633398763E+003    5.9418074411E+002    1.8297683270E+004    1.3655451424E+003    8.8711338610E+003    6.6196090609E+002    1.0673517722E+004    7.9639935014E+002    1.6323281606E+004    1.2180375645E+003    1.3328463560E+004    9.9469525195E+002
    1.5848931925E-002    1.7900777537E-002    1.9952623150E-002    1.4264800685E+004    8.7004001977E+002    9.5718835610E+003    5.8359130903E+002    2.1905174276E+004    1.3366384417E+003    1.0642738325E+004    6.4912286312E+002    1.2829499985E+004    7.8220599349E+002    1.9583112763E+004    1.1944149933E+003    1.5956244996E+004    9.7363893010E+002
    1.9952623150E-002    2.2535743732E-002    2.5118864315E-002    1.7840191881E+004    1.1597100185E+003    1.1952341372E+004    7.7477712142E+002    2.7443838547E+004    1.7897029937E+003    1.3310280182E+004    8.6524098952E+002    1.6020103302E+004    1.0384584188E+003    2.4491508646E+004    1.5920819762E+003    1.9990738533E+004    1.3036618233E+003
    2.5118864315E-002    2.8370820458E-002    3.1622776602E-002    1.8737732425E+004    1.3143140596E+003    1.2556527604E+004    8.8150944263E+002    2.8818922714E+004    2.0195953425E+003    1.3979920744E+004    9.8058857756E+002    1.6829913327E+004    1.1815151437E+003    2.5723677120E+004    1.8043266782E+003    2.0992382235E+004    1.4711208261E+003
    3.1622776602E-002    3.5716746829E-002    3.9810717055E-002    2.0432900580E+004    2.1968134545E+003    1.3659324210E+004    1.4426051610E+003    3.1512697003E+004    3.4569074788E+003    1.5244658436E+004    1.6390071801E+003    1.8308026694E+004    1.9335695815E+003    2.8050850830E+004    3.0158462462E+003    2.2954590889E+004    2.5180928471E+003
    3.9810717055E-002    4.4964720209E-002    5.0118723363E-002    1.7315121349E+004    8.0020539599E+002    1.1601715274E+004    5.3627271189E+002    2.6633214923E+004    1.2306949561E+003    1.2918533504E+004    5.9702037370E+002    1.5550147992E+004    7.1878337271E+002    2.3770677303E+004    1.0985440911E+003    1.9400261188E+004    8.9646719936E+002
    5.0118723363E-002    5.6607228905E-002    6.3095734448E-002    1.6160582506E+004    1.0107399170E+003    1.0815644788E+004    6.6910960521E+002    2.4892372609E+004    1.5770368503E+003    1.2057150646E+004    7.5409679310E+002    1.4496552717E+004    8.9682888590E+002    2.2185694460E+004    1.3875717022E+003    1.8132190635E+004    1.1487507944E+003
    6.3095734448E-002    7.1264278960E-002    7.9432823472E-002    1.6144186244E+004    2.6834716232E+003    1.0735135403E+004    1.7181895930E+003    2.5053160858E+004    4.3414993155E+003    1.2044917659E+004    2.0020950112E+003    1.4388643427E+004    2.3029441611E+003    2.2163185218E+004    3.6839440349E+003    1.8249312584E+004    3.1624503806E+003
    7.9432823472E-002    8.9716411736E-002    1.0000000000E-001    1.2091853550E+004    5.9055292406E+002    8.0997910711E+003    3.9557112736E+002    1.8605230308E+004    9.0891505893E+002    9.0215374217E+003    4.4060203690E+002    1.0856407599E+004    5.3019656374E+002    1.6600030860E+004    8.1072738131E+002    1.3552488067E+004    6.6207514160E+002
    1.0000000000E-001    1.1294627059E-001    1.2589254118E-001    1.0361298789E+004    5.2796160008E+002    6.9387092799E+003    3.5282624156E+002    1.5947984997E+004    8.1476131444E+002    7.7303983527E+003    3.9390365693E+002    9.3001727440E+003    4.7290423373E+002    1.4224277439E+004    7.2480028127E+002    1.1616887983E+004    5.9349133599E+002
    1.2589254118E-001    1.4219093021E-001    1.5848931925E-001    8.5775372842E+003    3.5679904581E+002    5.7433746562E+003    2.3657832803E+002    1.3204332898E+004    5.5566389608E+002    6.3995625878E+003    2.6620202854E+002    7.6980277284E+003    3.1709345778E+002    1.1775480329E+004    4.8982359460E+002    9.6183471569E+003    4.0475867251E+002
    1.5848931925E-001    1.7900777537E-001    1.9952623150E-001    7.6570973578E+003    4.3327500315E+002    5.1245787877E+003    2.8787954401E+002    1.1793718911E+004    6.7285518605E+002    5.7128371651E+003    3.2325951011E+002    6.8686359440E+003    3.8585410928E+002    1.0511874950E+004    5.9481190318E+002    8.5908226971E+003    4.9012356897E+002
    1.9952623150E-001    2.2535743732E-001    2.5118864315E-001    5.8618124707E+003    2.0748561906E+002    3.9268311829E+003    1.3918348926E+002    9.0187196128E+003    3.1877897314E+002    4.3734039901E+003    1.5480168273E+002    5.2632567332E+003    1.8655205760E+002    8.0472582227E+003    2.8484199425E+002    6.5694478335E+003    2.3220611399E+002
    2.5118864315E-001    2.8370820458E-001    3.1622776602E-001    4.8793139772E+003    1.6077552405E+002    3.2686945760E+003    1.0791899434E+002    7.5069687282E+003    2.4683376843E+002    3.6403776688E+003    1.1995203223E+002    4.3811353060E+003    1.4464726065E+002    6.6984571275E+003    2.2071708441E+002    5.4682528745E+003    1.7979953195E+002
    3.1622776602E-001    3.5716746829E-001    3.9810717055E-001    3.9070054093E+003    1.1749958616E+002    2.6150241882E+003    7.8572633195E+001    6.0170457628E+003    1.8116967866E+002    2.9149538871E+003    8.7664551115E+001    3.5050000942E+003    1.0531339939E+002    5.3636450438E+003    1.6130668042E+002    4.3829578862E+003    1.3196826202E+002
    3.9810717055E-001    4.4964720209E-001    5.0118723363E-001    3.4745032409E+003    1.4592469277E+002    2.3264378710E+003    9.7581789206E+001    5.3488205890E+003    2.2503700720E+002    2.5922709766E+003    1.0887206591E+002    3.1181986743E+003    1.3079197581E+002    4.7698941096E+003    2.0032945265E+002    3.8962069272E+003    1.6392225758E+002
    5.0118723363E-001    5.6607228905E-001    6.3095734448E-001    2.5406619154E+003    7.0721365739E+001    1.7009886558E+003    4.7367322489E+001    3.9114374739E+003    1.0883680189E+002    1.8955469855E+003    5.2764073340E+001    2.2798891979E+003    6.3487928921E+001    3.4878909197E+003    9.7088246136E+001    2.8491832035E+003    7.9279290531E+001
    6.3095734448E-001    7.1264278960E-001    7.9432823472E-001    1.9845607796E+003    5.9891381814E+001    1.3275804681E+003    3.9968910490E+001    3.0581904983E+003    9.2528699103E+001    1.4806488737E+003    4.4683996547E+001    1.7793983271E+003    5.3571602000E+001    2.7244599059E+003    8.2220544785E+001    2.2276580053E+003    6.7400084264E+001
    7.9432823472E-001    8.9716411736E-001    1.0000000000E+000    1.6668265097E+003    4.8372886848E+001    1.1148865879E+003    3.2278546582E+001    2.5689966870E+003    7.4774798847E+001    1.2435924460E+003    3.6090232742E+001    1.4943179544E+003    4.3263962652E+001    2.2882655157E+003    6.6407636442E+001    1.8713177085E+003    5.4467725062E+001
    1.0000000000E+000    1.1294627059E+000    1.2589254118E+000    1.3260784106E+003    4.0197274901E+001    8.8751060989E+002    2.6909377875E+001    2.0423907476E+003    6.1898801017E+001    9.8936577062E+002    2.9990540182E+001    1.1895586990E+003    3.6067495059E+001    1.8204771045E+003    5.5183930327E+001    1.4877255362E+003    4.5088544904E+001
    1.2589254118E+000    1.4219093021E+000    1.5848931925E+000    9.9189921525E+002    2.2680917206E+001    6.6389831630E+002    1.5183359781E+001    1.5276105886E+003    3.4926313903E+001    7.4004004862E+002    1.6921867478E+001    8.8984402962E+002    2.0350740045E+001    1.3617066660E+003    3.1136990205E+001    1.1127475409E+003    2.5441149859E+001
    1.5848931925E+000    1.7900777537E+000    1.9952623150E+000    8.0373481793E+002    2.0796791117E+001    5.3748176621E+002    1.3901644803E+001    1.2390599664E+003    3.2082223136E+001    5.9965361862E+002    1.5516151311E+001    7.2040390667E+002    1.8632816692E+001    1.1033893791E+003    2.8550409819E+001    9.0256046990E+002    2.3369447141E+001
    1.9952623150E+000    2.2535743732E+000    2.5118864315E+000    6.3307632645E+002    1.6169174700E+001    4.2318646235E+002    1.0729964007E+001    9.7640509341E+002    2.5149096123E+001    4.7232806338E+002    1.2063561143E+001    5.6721027558E+002    1.4381712041E+001    8.6910468377E+002    2.2197490061E+001    7.1123647268E+002    1.8319194091E+001
    2.5118864315E+000    2.8370820458E+000    3.1622776602E+000    4.9042174546E+002    1.1907276760E+001    3.2798328046E+002    7.9552012156E+000    7.5597480890E+002    1.8377068898E+001    3.6589577527E+002    8.8838276483E+000    4.3960642280E+002    1.0662609216E+001    6.7326453097E+002    1.6346638740E+001    5.5066986043E+002    1.3386289922E+001
    3.1622776602E+000    3.5716746829E+000    3.9810717055E+000    3.6646923930E+002    7.2325591047E+000    2.4504670060E+002    4.8414569558E+000    5.6500956486E+002    1.1138676475E+001    2.7341680435E+002    5.3960960037E+000    3.2844388689E+002    6.4891587477E+000    5.0309910357E+002    9.9290570992E+000    4.1156627782E+002    8.1136743551E+000
    3.9810717055E+000    4.4964720209E+000    5.0118723363E+000    2.8189646881E+002    5.2371308372E+000    1.8844736739E+002    3.5046988210E+000    4.3473388605E+002    8.0676675440E+000    2.1031842074E+002    3.9073390722E+000    2.5258200037E+002    4.6974593021E+000    3.8699526605E+002    7.1896780055E+000    3.1667040428E+002    5.8766791012E+000
    5.0118723363E+000    5.6607228905E+000    6.3095734448E+000    2.2599090530E+002    5.1696981192E+000    1.5090206427E+002    3.4144679542E+000    3.4897909063E+002    8.0863029826E+000    1.6860817911E+002    3.8570286060E+000    2.0225883640E+002    4.5765200013E+000    3.1024656281E+002    7.0971045058E+000    2.5420459104E+002    5.8902535937E+000
    6.3095734448E+000    7.1264278960E+000    7.9432823472E+000    1.7309322579E+002    3.5480374477E+000    1.1556657031E+002    2.3617442608E+000    2.6733362300E+002    5.5012848707E+000    1.2914207135E+002    2.6471336653E+000    1.5489754995E+002    3.1655209516E+000    2.3762716591E+002    4.8708439016E+000    1.9473210897E+002    4.0072655018E+000
    7.9432823472E+000    8.9716411736E+000    1.0000000000E+001    1.2995447389E+002    2.8969788639E+000    8.6731768293E+001    1.9271088186E+000    2.0078856419E+002    4.4929943302E+000    9.6956942499E+001    2.1613893290E+000    1.1624934768E+002    2.5829652442E+000    1.7840509464E+002    3.9770526778E+000    1.4625912043E+002    3.2728029183E+000
    1.0000000000E+001    1.1294627059E+001    1.2589254118E+001    9.7496600007E+001    2.5987985748E+000    6.5055308541E+001    1.7340585611E+000    1.5067630813E+002    4.0169792173E+000    7.2740644916E+001    1.9389218119E+000    8.7195699220E+001    2.3242138437E+000    1.3384602800E+002    3.5677025331E+000    1.0975617255E+002    2.9260622958E+000
    1.2589254118E+001    1.4219093021E+001    1.5848931925E+001    6.9569762794E+001    1.3847484693E+000    4.6418426081E+001    9.2417124559E-001    1.0752314211E+002    2.1397607823E+000    5.1904880908E+001    1.0331385576E+000    6.2216092884E+001    1.2386961151E+000    9.5507293775E+001    1.9010209832E+000    7.8322389796E+001    1.5586521634E+000
    1.5848931925E+001    1.7900777537E+001    1.9952623150E+001    5.4028500912E+001    1.1127935189E+000    3.6031986480E+001    7.4145047262E-001    8.3547050929E+001    1.7225502656E+000    4.0309795418E+001    8.3023734387E-001    4.8294817531E+001    9.9378965140E-001    7.4171819791E+001    1.5276737085E+000    6.0857640139E+001    1.2547461941E+000
    1.9952623150E+001    2.2535743732E+001    2.5118864315E+001    3.9563090808E+001    7.9333735404E-001    2.6350319010E+001    5.2752425696E-001    6.1271172717E+001    1.2314998598E+000    2.9517385632E+001    5.9189623807E-001    3.5318170681E+001    7.0705754030E-001    5.4313304871E+001    1.0891154532E+000    4.4631365664E+001    8.9705351016E-001
    2.5118864315E+001    2.8370820458E+001    3.1622776602E+001    2.9483099973E+001    7.2525135201E-001    1.9604739090E+001    4.6592600774E-001    4.5748288086E+001    1.1734052610E+000    2.1996866619E+001    5.4109836721E-001    2.6276855361E+001    6.2449544765E-001    4.0475214769E+001    9.9564510724E-001    3.3324130803E+001    8.5473603579E-001
    3.1622776602E+001    3.5716746829E+001    3.9810717055E+001    2.1212759977E+001    5.3369060605E-001    1.4095635896E+001    3.5000882003E-001    3.2938197092E+001    8.4134587688E-001    1.5826498986E+001    3.9817797613E-001    1.8892829124E+001    4.6912795404E-001    2.9121463370E+001    7.3266521906E-001    2.3992958736E+001    6.1285615757E-001
    3.9810717055E+001    4.4964720209E+001    5.0118723363E+001    1.5143102832E+001    3.3427817835E-001    1.0061368632E+001    2.2189193687E-001    2.3515167573E+001    5.1982965741E-001    1.1298025428E+001    2.4939957160E-001    1.3485572395E+001    2.9740882059E-001    2.0788870232E+001    4.5890632510E-001    1.7129002042E+001    3.7865616887E-001
    5.0118723363E+001    5.6607228905E+001    6.3095734448E+001    1.0481019445E+001    2.2167315729E-001    6.9574372310E+000    1.4683990613E-001    1.6292330680E+001    3.4544693170E-001    7.8197200085E+000    1.6538677678E-001    9.3252744124E+000    1.9681419666E-001    1.4388633266E+001    3.0431903897E-001    1.1867717490E+001    2.5163168326E-001
    6.3095734448E+001    7.1264278960E+001    7.9432823472E+001    7.1532976798E+000    1.6946984259E-001    4.7440647725E+000    1.1265297071E-001    1.1131081672E+001    2.6306307044E-001    5.3369603296E+000    1.2643872343E-001    6.3586209066E+000    1.5099235974E-001    9.8202448237E+000    2.3265288528E-001    8.1081421211E+000    1.9162133788E-001
    7.9432823472E+001    8.9716411736E+001    1.0000000000E+002    4.7488694617E+000    1.0495709525E-001    3.1410050972E+000    6.8983461408E-002    7.4119200682E+000    1.6506020607E-001    3.5430551142E+000    7.8306800403E-002    4.2099890362E+000    9.2460727448E-002    6.5193792901E+000    1.4408800213E-001    5.3990171914E+000    1.2023374267E-001
#nx: 3
