# Rotated ECEF so that X point to the local meridian at the celestial equator
# LOFAR position: long=6.867996528 lat=52.905329712
    3854249.05         106.00     5064892.63
    3854247.35         103.78     5064893.92
    3854236.33         110.88     5064902.25
    3854233.13         126.49     5064904.67
    3854233.53         131.39     5064904.37
    3854240.86         139.33     5064898.83
    3854251.30         141.58     5064890.93
    3854257.64         141.14     5064886.14
    3854262.81         128.25     5064882.23
    3854264.39         120.32     5064881.04
    3854260.22         111.85     5064884.19
    3854260.25         103.66     5064884.17
    3854250.54          99.06     5064891.51
    3854240.37         100.88     5064899.20
    3854236.02         103.98     5064902.48
    3854230.90         109.46     5064906.36
    3854229.86         127.04     5064907.14
    3854231.33         134.80     5064906.03
    3854237.72         146.11     5064901.20
    3854248.80         149.09     5064892.82
    3854256.20         148.30     5064887.23
    3854263.36         140.73     5064881.82
    3854270.22         127.10     5064876.63
    3854267.17         109.78     5064878.93
    3854265.31          96.16     5064880.34
    3854253.67          93.16     5064889.14
    3854242.02          93.84     5064897.95
    3854235.80          95.65     5064902.65
    3854226.14         110.16     5064909.95
    3854221.69         127.33     5064913.32
    3854224.46         139.12     5064911.22
    3854230.91         143.86     5064906.35
    3854238.10         155.41     5064900.91
    3854253.19         157.43     5064889.51
    3854260.00         154.70     5064884.36
    3854270.44         145.57     5064876.46
    3854272.18         137.64     5064875.15
    3854274.83         117.30     5064873.14
    3854271.39         112.15     5064875.74
    3854275.31         108.23     5064872.78
    3854251.82          82.34     5064890.54
    3854232.23          89.76     5064905.35
    3854219.96         102.64     5064914.63
    3854216.97         118.29     5064916.89
    3854231.94         159.26     5064905.57
    3854249.76         160.49     5064892.10
    3854262.79         161.51     5064882.25
    3854279.74         123.94     5064869.43
    3854190.10          48.18     5064937.20
    3854192.48          47.44     5064935.40
    3854193.09          31.93     5064934.94
    3854183.90          20.65     5064941.88
    3854180.32          18.64     5064944.60
    3854171.17          22.62     5064951.51
    3854164.40          32.83     5064956.63
    3854161.53          39.94     5064958.80
    3854167.85          51.99     5064954.02
    3854172.54          57.67     5064950.48
    3854180.47          57.38     5064944.48
    3854186.12          61.51     5064940.21
    3854194.15          53.27     5064934.14
    3854197.98          41.32     5064931.25
    3854198.00          35.04     5064931.22
    3854196.79          26.74     5064932.14
    3854185.16          16.82     5064940.94
    3854179.06          14.53     5064945.54
    3854168.06          15.82     5064953.87
    3854160.45          26.36     5064959.61
    3854157.30          34.79     5064961.99
    3854158.95          46.34     5064960.75
    3854164.93          60.61     5064956.23
    3854178.43          65.96     5064946.02
    3854188.77          70.75     5064938.21
    3854196.66          59.61     5064932.24
    3854202.02          46.63     5064928.19
    3854203.87          38.97     5064926.79
    3854198.68          21.23     5064930.72
    3854189.05           7.81     5064938.00
    3854179.51           4.93     5064945.20
    3854173.01           9.56     5064950.12
    3854161.44          11.59     5064958.87
    3854152.50          26.95     5064965.63
    3854150.98          35.72     5064966.78
    3854152.06          51.62     5064965.96
    3854156.68          57.47     5064962.47
    3854169.40          70.52     5064952.85
    3854174.68          69.36     5064948.86
    3854175.43          75.57     5064948.29
    3854205.05          63.02     5064925.90
    3854209.73          38.04     5064922.36
    3854206.96          18.27     5064924.45
    3854197.65           7.21     5064931.49
    3854161.86           2.97     5064958.55
    3854152.10          21.70     5064965.93
    3854144.88          35.34     5064971.39
    3854162.36          72.53     5064958.17
    3854302.90          40.67     5064851.92
    3854302.22          43.62     5064852.43
    3854312.63          52.04     5064844.56
    3854325.01          47.70     5064835.20
    3854328.20          44.82     5064832.79
    3854330.02          32.90     5064831.41
    3854326.35          20.44     5064834.19
    3854322.88          13.77     5064836.81
    3854311.39          14.60     5064845.50
    3854305.12          16.85     5064850.24
    3854301.36          25.61     5064853.08
    3854295.69          29.68     5064857.37
    3854297.36          42.52     5064856.11
    3854303.70          52.65     5064851.31
    3854308.02          55.82     5064848.05
    3854314.36          58.65     5064843.25
    3854327.03          50.98     5064833.67
    3854331.66          45.50     5064830.17
    3854336.27          32.91     5064826.69
    3854332.79          19.39     5064829.32
    3854328.54          11.76     5064832.53
    3854319.74           7.77     5064839.19
    3854306.89           7.13     5064848.90
    3854296.45          19.10     5064856.79
    3854287.97          27.93     5064863.21
    3854291.72          42.07     5064860.37
    3854298.01          54.38     5064855.61
    3854302.38          60.23     5064852.32
    3854317.23          63.46     5064841.08
    3854331.31          59.71     5064830.44
    3854338.07          50.80     5064825.33
    3854338.12          41.43     5064825.29
    3854342.50          27.85     5064821.98
    3854336.36          10.46     5064826.62
    3854331.07           4.43     5064830.62
    3854319.54          -2.35     5064839.33
    3854313.19          -0.26     5064844.14
    3854297.82           7.03     5064855.76
    3854295.98          13.33     5064857.15
    3854291.31          11.04     5064860.68
    3854285.17          49.48     5064865.32
    3854300.09          67.04     5064854.05
    3854315.13          73.93     5064842.67
    3854327.43          69.35     5064833.37
    3854348.25          32.61     5064817.63
    3854340.19          12.65     5064823.73
    3854334.37          -2.01     5064828.12
    3854299.95          -1.63     5064854.15
    3854359.73         158.92     5064808.96
    3854361.43         156.71     5064807.67
    3854355.40         143.16     5064812.23
    3854342.84         139.70     5064821.73
    3854338.94         140.37     5064824.67
    3854332.87         149.82     5064829.26
    3854331.44         162.98     5064830.34
    3854332.02         170.91     5064829.91
    3854342.47         176.94     5064822.00
    3854348.85         178.64     5064817.18
    3854355.45         173.12     5064812.19
    3854361.98         172.87     5064807.25
    3854365.31         160.55     5064804.73
    3854363.51         147.87     5064806.10
    3854360.88         142.53     5064808.09
    3854356.34         136.30     5064811.52
    3854342.28         135.62     5064822.15
    3854336.15         137.72     5064826.79
    3854327.36         146.13     5064833.43
    3854325.36         160.12     5064834.94
    3854326.26         169.36     5064834.26
    3854332.54         178.06     5064829.51
    3854343.64         186.19     5064821.12
    3854357.35         181.76     5064810.76
    3854368.14         178.96     5064802.60
    3854370.12         164.26     5064801.10
    3854369.18         149.69     5064801.81
    3854367.51         141.96     5064803.07
    3854355.61         130.37     5064812.07
    3854341.77         125.39     5064822.53
    3854332.47         129.28     5064829.57
    3854328.91         137.52     5064832.25
    3854319.96         146.94     5064839.02
    3854318.87         165.90     5064839.85
    3854321.29         174.34     5064838.02
    3854328.93         187.11     5064832.25
    3854335.31         189.01     5064827.42
    3854351.62         191.62     5064815.09
    3854355.60         187.13     5064812.08
    3854358.86         191.90     5064809.61
    3854378.68         161.57     5064794.63
    3854372.09         137.29     5064799.61
    3854361.39         122.36     5064807.70
    3854348.81         119.16     5064817.21
    3854316.67         139.34     5064841.51
    3854316.31         161.71     5064841.78
    3854315.95         178.08     5064842.05
    3854346.50         198.01     5064818.96
    3854276.02         258.66     5064872.25
    3854276.69         261.61     5064871.74
    3854289.08         261.84     5064862.38
    3854297.75         249.94     5064855.82
    3854299.23         245.37     5064854.70
    3854295.74         234.05     5064857.34
    3854287.36         225.92     5064863.67
    3854281.59         222.58     5064868.03
    3854272.20         230.92     5064875.13
    3854267.84         236.99     5064878.43
    3854268.35         246.92     5064878.05
    3854265.26         254.13     5064880.38
    3854272.10         263.91     5064875.21
    3854281.76         268.29     5064867.90
    3854286.77         268.10     5064864.12
    3854293.34         266.29     5064859.15
    3854300.84         251.37     5064853.48
    3854302.45         243.65     5064852.26
    3854301.04         229.91     5064853.33
    3854292.37         220.75     5064859.88
    3854285.54         217.10     5064865.04
    3854276.39         219.57     5064871.96
    3854265.23         227.56     5064880.40
    3854261.43         244.66     5064883.27
    3854257.98         257.77     5064885.89
    3854267.13         267.27     5064878.96
    3854277.67         273.54     5064871.00
    3854283.84         275.59     5064866.33
    3854297.80         268.46     5064855.78
    3854308.16         255.93     5064847.95
    3854310.13         243.88     5064846.46
    3854306.21         235.91     5064849.42
    3854304.18         221.48     5064850.95
    3854291.63         210.81     5064860.45
    3854284.59         209.21     5064865.77
    3854271.95         211.12     5064875.32
    3854267.45         217.11     5064878.73
    3854257.49         233.50     5064886.26
    3854258.59         240.08     5064885.42
    3854253.67         241.23     5064889.14
    3854264.71         277.91     5064880.80
    3854284.78         282.90     5064865.62
    3854300.45         278.74     5064853.78
    3854308.95         266.69     5064847.35
    3854311.08         221.70     5064845.74
    3854295.80         210.13     5064857.29
    3854284.67         201.56     5064865.70
    3854255.63         224.75     5064887.66
    3854207.12         189.27     5064924.33
    3854204.74         188.52     5064926.13
    3854198.40         201.85     5064930.93
    3854202.29         217.22     5064927.99
    3854204.70         221.11     5064926.17
    3854214.26         222.97     5064918.94
    3854224.07         217.95     5064911.52
    3854229.26         213.36     5064907.60
    3854228.20         198.99     5064908.40
    3854226.19         191.22     5064909.92
    3854219.07         186.81     5064915.30
    3854215.63         179.85     5064917.90
    3854205.45         182.39     5064925.60
    3854197.60         190.69     5064931.53
    3854195.23         196.21     5064933.33
    3854193.19         204.26     5064934.87
    3854199.75         219.86     5064929.91
    3854204.27         225.47     5064926.49
    3854214.47         230.81     5064918.78
    3854225.13         225.98     5064910.72
    3854231.07         220.39     5064906.23
    3854233.94         209.22     5064904.06
    3854234.00         193.10     5064904.01
    3854224.09         180.43     5064911.51
    3854216.76         170.12     5064917.05
    3854205.61         175.31     5064925.47
    3854196.02         183.62     5064932.73
    3854191.51         189.29     5064936.14
    3854189.46         208.02     5064937.69
    3854192.94         225.53     5064935.06
    3854200.28         233.69     5064929.51
    3854207.75         233.42     5064923.86
    3854218.73         238.44     5064915.56
    3854232.37         230.14     5064905.24
    3854237.00         223.29     5064901.75
    3854241.99         208.62     5064897.97
    3854240.11         200.73     5064899.39
    3854233.77         181.72     5064904.19
    3854228.67         179.64     5064908.04
    3854230.34         173.72     5064906.78
    3854199.48         167.36     5064930.11
    3854186.00         186.66     5064940.30
    3854181.03         205.75     5064944.06
    3854185.11         221.00     5064940.97
    3854215.13         245.81     5064918.28
    3854230.76         235.01     5064906.46
    3854242.24         227.21     5064897.78
    3854240.74         184.09     5064898.92
    3854569.83         -11.51     5064651.17
    3854569.83          -8.44     5064651.17
    3854581.68          -3.95     5064642.21
    3854592.64         -12.39     5064633.93
    3854595.06         -16.27     5064632.09
    3854594.19         -28.35     5064632.75
    3854587.93         -39.07     5064637.48
    3854583.12         -44.27     5064641.12
    3854572.26         -39.50     5064649.33
    3854566.73         -35.18     5064653.51
    3854565.04         -25.45     5064654.79
    3854560.48         -19.58     5064658.24
    3854564.91          -7.82     5064654.88
    3854573.24          -0.27     5064648.59
    3854578.09           1.28     5064644.92
    3854584.80           1.80     5064639.85
    3854595.30          -9.94     5064631.91
    3854598.54         -16.80     5064629.46
    3854600.21         -30.50     5064628.20
    3854593.89         -42.30     5064632.98
    3854588.12         -48.17     5064637.33
    3854578.79         -48.96     5064644.40
    3854566.30         -45.13     5064653.84
    3854558.89         -30.01     5064659.44
    3854552.68         -18.60     5064664.13
    3854559.40          -6.30     5064659.06
    3854568.15           3.36     5064652.44
    3854573.63           7.47     5064648.30
    3854588.62           5.44     5064636.96
    3854601.33          -3.03     5064627.35
    3854605.87         -13.93     5064623.92
    3854603.86         -22.95     5064625.44
    3854605.08         -37.52     5064624.52
    3854595.35         -52.11     5064631.87
    3854588.94         -56.08     5064636.72
    3854576.37         -58.61     5064646.22
    3854570.73         -54.42     5064650.49
    3854557.55         -42.10     5064660.45
    3854557.17         -35.40     5064660.74
    3854552.18         -35.99     5064664.51
    3854554.73           3.08     5064662.58
    3854572.93          14.81     5064648.83
    3854588.90          16.23     5064636.75
    3854599.72           7.58     5064628.57
    3854611.66         -34.93     5064619.54
    3854599.52         -51.33     5064628.72
    3854590.70         -63.41     5064635.38
    3854557.69         -51.15     5064660.34
    3854366.40         391.70     5064804.05
    3854367.70         394.30     5064803.06
    3854379.65         390.24     5064794.03
    3854385.36         375.80     5064789.71
    3854385.79         370.90     5064789.39
    3854379.94         361.23     5064793.81
    3854370.10         356.31     5064801.25
    3854363.82         355.09     5064805.99
    3854356.63         366.35     5064811.43
    3854353.77         373.69     5064813.60
    3854356.44         383.06     5064811.57
    3854355.06         391.06     5064812.62
    3854363.79         398.10     5064806.02
    3854374.04         398.97     5064798.27
    3854378.81         397.06     5064794.67
    3854384.73         393.05     5064790.19
    3854388.66         376.11     5064787.22
    3854388.51         368.14     5064787.33
    3854384.13         355.42     5064790.64
    3854373.78         349.61     5064798.46
    3854366.42         348.46     5064804.03
    3854358.16         353.99     5064810.27
    3854349.19         365.53     5064817.06
    3854349.30         383.28     5064816.97
    3854348.86         397.08     5064817.31
    3854359.75         403.05     5064809.07
    3854371.26         405.42     5064800.37
    3854377.64         405.27     5064795.55
    3854389.50         393.59     5064786.58
    3854396.70         377.96     5064781.14
    3854395.94         365.71     5064781.71
    3854390.42         359.39     5064785.89
    3854385.30         346.22     5064789.76
    3854370.88         340.31     5064800.66
    3854363.76         341.20     5064806.04
    3854352.04         347.41     5064814.90
    3854349.02         354.72     5064817.18
    3854343.05         373.92     5064821.70
    3854345.56         379.85     5064819.80
    3854341.08         382.66     5064823.19
    3854359.76         414.11     5064809.07
    3854380.15         411.96     5064793.65
    3854394.30         402.56     5064782.95
    3854399.81         388.04     5064778.78
    3854391.97         344.05     5064784.71
    3854374.74         338.21     5064797.74
    3854362.16         333.82     5064807.25
    3854339.35         366.15     5064824.50
    3854005.75         -82.90     5065076.81
    3854006.91         -85.61     5065075.94
    3853998.12         -96.56     5065082.58
    3853985.29         -95.54     5065092.28
    3853981.69         -93.55     5065095.00
    3853977.94         -82.37     5065097.84
    3853979.46         -69.22     5065096.70
    3853981.75         -61.79     5065094.96
    3853993.13         -59.62     5065086.36
    3853999.63         -60.18     5065081.44
    3854004.76         -67.77     5065077.56
    3854010.99         -70.27     5065072.86
    3854011.48         -83.27     5065072.48
    3854006.95         -94.83     5065075.90
    3854003.25         -99.05     5065078.70
    3853997.52        -103.47     5065083.04
    3853983.86         -99.27     5065093.37
    3853978.42         -95.12     5065097.48
    3853971.82         -84.01     5065102.46
    3853972.98         -69.87     5065101.59
    3853975.87         -61.30     5065099.40
    3853983.82         -55.11     5065093.39
    3853996.28         -51.13     5065083.97
    3854008.49         -60.12     5065074.75
    3854018.24         -66.55     5065067.37
    3854016.92         -81.36     5065068.37
    3854012.81         -95.04     5065071.48
    3854009.51        -101.89     5065073.97
    3853995.51        -108.92     5065084.55
    3853981.12        -108.93     5065095.44
    3853973.03        -101.97     5065101.55
    3853971.43         -92.82     5065102.77
    3853964.89         -80.68     5065107.71
    3853968.01         -62.07     5065105.35
    3853972.19         -54.79     5065102.19
    3853982.34         -45.16     5065094.52
    3853988.90         -45.54     5065089.56
    3854005.15         -48.66     5065077.27
    3854007.99         -54.36     5065075.12
    3854012.17         -50.90     5065071.96
    3854024.56         -86.90     5065062.60
    3854012.88        -107.96     5065071.43
    3853999.31        -118.62     5065081.69
    3853986.52        -117.35     5065091.36
    3853960.05         -86.84     5065111.36
    3853964.63         -65.21     5065107.90
    3853967.89         -49.36     5065105.44
    3854001.63         -40.75     5065079.93
    3854181.42         601.03     5064943.78
    3854178.97         601.14     5064945.63
    3854175.80         616.15     5064948.03
    3854182.92         629.57     5064942.65
    3854186.09         632.48     5064940.25
    3854195.70         630.97     5064932.99
    3854204.02         622.75     5064926.70
    3854208.00         616.54     5064923.69
    3854203.82         603.10     5064926.85
    3854200.18         596.32     5064929.60
    3854192.37         594.55     5064935.50
    3854187.53         589.04     5064939.16
    3854178.30         595.00     5064946.14
    3854172.58         605.69     5064950.46
    3854171.51         611.82     5064951.27
    3854171.33         620.26     5064951.41
    3854181.06         632.99     5064944.06
    3854186.64         636.82     5064939.83
    3854197.62         638.43     5064931.54
    3854206.81         630.10     5064924.59
    3854211.28         622.67     5064921.21
    3854211.59         610.95     5064920.98
    3854208.10         595.43     5064923.61
    3854195.79         586.68     5064932.92
    3854186.47         579.30     5064939.96
    3854176.90         588.15     5064947.20
    3854169.51         599.45     5064952.79
    3854166.43         606.46     5064955.12
    3854168.56         625.17     5064953.50
    3854175.76         640.80     5064948.06
    3854184.60         646.10     5064941.37
    3854191.73         643.27     5064935.99
    3854203.39         644.29     5064927.17
    3854214.68         631.60     5064918.64
    3854217.62         623.42     5064916.41
    3854219.19         607.59     5064915.22
    3854215.66         600.66     5064917.90
    3854205.38         584.58     5064925.67
    3854200.02         584.34     5064929.72
    3854200.32         578.07     5064929.49
    3854169.26         582.63     5064952.98
    3854160.54         605.83     5064959.57
    3854159.97         625.90     5064960.00
    3854167.24         639.15     5064954.50
    3854201.55         652.62     5064928.57
    3854214.20         636.84     5064919.00
    3854223.52         625.38     5064911.95
    3854212.60         584.44     5064920.21
    3854035.43        -331.90     5065054.44
    3854037.55        -333.43     5065052.83
    3854034.73        -348.55     5065054.96
    3854023.42        -356.22     5065063.52
    3854019.53        -356.92     5065066.46
    3854011.61        -349.93     5065072.44
    3854007.35        -337.77     5065075.67
    3854006.15        -329.95     5065076.57
    3854014.88        -320.54     5065069.97
    3854020.63        -316.70     5065065.62
    3854028.20        -319.73     5065059.91
    3854034.53        -317.71     5065055.12
    3854040.44        -328.41     5065050.65
    3854041.49        -341.22     5065049.85
    3854040.14        -347.26     5065050.88
    3854037.14        -354.81     5065053.14
    3854023.78        -360.33     5065063.24
    3854017.42        -360.42     5065068.05
    3854007.12        -355.38     5065075.84
    3854002.13        -342.62     5065079.61
    3854000.96        -333.43     5065080.50
    3854005.08        -322.90     5065077.38
    3854013.97        -311.25     5065070.66
    3854028.12        -310.77     5065059.96
    3854039.11        -309.73     5065051.66
    3854044.25        -323.17     5065047.77
    3854046.54        -337.50     5065046.04
    3854046.64        -345.51     5065045.96
    3854037.75        -360.77     5065052.69
    3854025.54        -370.34     5065061.91
    3854015.74        -369.81     5065069.32
    3854010.51        -363.12     5065073.27
    3853999.84        -357.16     5065081.35
    3853994.62        -339.31     5065085.29
    3853995.09        -330.36     5065084.94
    3853999.62        -315.45     5065081.51
    3854005.34        -311.42     5065077.18
    3854020.44        -303.27     5065065.77
    3854025.26        -306.21     5065062.12
    3854027.34        -300.50     5065060.55
    3854053.07        -322.80     5065041.10
    3854052.07        -348.42     5065041.86
    3854045.06        -366.47     5065047.15
    3854033.68        -373.89     5065055.76
    3853998.34        -365.60     5065082.48
    3853993.08        -344.22     5065086.45
    3853989.14        -328.61     5065089.43
    3854014.12        -298.90     5065070.55
    3854499.34        -541.97     5064704.57
    3854501.27        -543.86     5064703.11
    3854496.80        -558.34     5064706.49
    3854484.75        -563.96     5064715.60
    3854480.82        -563.97     5064718.58
    3854473.75        -555.67     5064723.92
    3854470.88        -542.88     5064726.09
    3854470.56        -534.93     5064726.33
    3854480.25        -527.14     5064719.00
    3854486.37        -524.34     5064714.37
    3854493.53        -528.66     5064708.97
    3854500.02        -527.76     5064704.06
    3854504.69        -539.39     5064700.53
    3854504.31        -552.26     5064700.82
    3854502.30        -558.00     5064702.33
    3854498.49        -564.96     5064705.21
    3854484.65        -568.09     5064715.68
    3854478.34        -567.08     5064720.45
    3854468.70        -560.29     5064727.73
    3854465.18        -546.78     5064730.40
    3854465.04        -537.48     5064730.51
    3854470.29        -527.76     5064726.54
    3854480.38        -517.78     5064718.91
    3854494.45        -519.77     5064708.27
    3854505.44        -520.67     5064699.96
    3854509.04        -534.87     5064697.24
    3854509.72        -549.46     5064696.72
    3854508.93        -557.41     5064697.32
    3854498.43        -570.96     5064705.26
    3854485.28        -578.31     5064715.20
    3854475.63        -576.08     5064722.49
    3854471.20        -568.54     5064725.85
    3854461.29        -560.78     5064733.34
    3854458.10        -542.19     5064735.75
    3854459.56        -533.41     5064734.65
    3854465.71        -519.44     5064730.00
    3854471.82        -516.44     5064725.38
    3854487.68        -511.01     5064713.39
    3854492.12        -514.76     5064710.03
    3854494.82        -509.46     5064707.99
    3854517.81        -536.04     5064690.61
    3854513.98        -561.24     5064693.50
    3854505.04        -577.89     5064700.26
    3854492.94        -583.25     5064709.41
    3854458.87        -568.87     5064735.17
    3854456.03        -546.78     5064737.31
    3854453.86        -530.64     5064738.95
    3854481.90        -505.57     5064717.76
