#labels: ptj1_lower[1] ptj1_center[2] ptj1_upper[3] tot_scale01[4] tot_scale01_Err[5] tot_scale02[6] tot_scale02_Err[7] tot_scale03[8] tot_scale03_Err[9] tot_scale04[10] tot_scale04_Err[11] tot_scale05[12] tot_scale05_Err[13] tot_scale06[14] tot_scale06_Err[15] tot_scale07[16] tot_scale07_Err[17]
#neval: 172318644
#overflow:lower center upper 3.50485390767E+02 4.66089141456E-01 2.29478412860E+02 3.05251163161E-01 5.53338204668E+02 7.36270908591E-01 2.61491512077E+02 3.47741610841E-01 3.07577215663E+02 4.09137842958E-01 4.81156034397E+02 6.39860059467E-01 4.03064584096E+02 5.36317075252E-01 
1.00000000000E-02 1.12946270590E-02 1.25892541180E-02 6.58451940687E+03 1.36952714292E+02 4.41696629143E+03 9.17923919191E+01 1.01147540682E+04 2.10596313691E+02 4.91260400963E+03 1.02178217085E+02 5.92020040866E+03 1.23032262483E+02 9.03941028547E+03 1.88012472543E+02 7.36782515164E+03 1.53403316226E+02 
1.25892541180E-02 1.42190930210E-02 1.58489319250E-02 1.48478946801E+04 1.66271798588E+02 9.95722058955E+03 1.11282322154E+02 2.28162941424E+04 2.56106079007E+02 1.10777753748E+04 1.24052714247E+02 1.33459794605E+04 1.49155235884E+02 2.03836003201E+04 2.28262522057E+02 1.66199261709E+04 1.86553701423E+02 
1.58489319250E-02 1.79007775370E-02 1.99526231500E-02 1.97847991160E+04 1.76891505495E+02 1.32602608160E+04 1.18151315736E+02 3.04227915317E+04 2.73117940009E+02 1.47611203584E+04 1.31975906739E+02 1.77731493343E+04 1.58361966462E+02 2.71611192215E+04 2.42841549304E+02 2.21606780670E+04 1.98945541750E+02 
1.99526231500E-02 2.25357437320E-02 2.51188643150E-02 2.16953986110E+04 1.82625820495E+02 1.45393913883E+04 1.21778593786E+02 3.33646150560E+04 2.82529830096E+02 1.61865879074E+04 1.36254186917E+02 1.94876087250E+04 1.63223722602E+02 2.97840430309E+04 2.50713775472E+02 2.43035716270E+04 2.05801384220E+02 
2.51188643150E-02 2.83708204580E-02 3.16227766020E-02 2.15323077439E+04 1.44535018714E+02 1.44282707653E+04 9.65639683587E+01 3.31186771606E+04 2.23095742677E+02 1.60649084350E+04 1.07835252445E+02 1.93386702197E+04 1.29427758152E+02 2.95601473796E+04 1.98421669684E+02 2.41244246700E+04 1.62508194766E+02 
3.16227766020E-02 3.57167468290E-02 3.98107170550E-02 2.01536031347E+04 1.22123232627E+02 1.35052696626E+04 8.15381460444E+01 3.09958184108E+04 1.88648275945E+02 1.50362791041E+04 9.11141793658E+01 1.81015424842E+04 1.09288170586E+02 2.76674235746E+04 1.67654150121E+02 2.25780843452E+04 1.37415848468E+02 
3.98107170550E-02 4.49647202090E-02 5.01187233630E-02 1.84291072748E+04 9.77777822062E+01 1.23473883279E+04 6.52673683440E+01 2.83494826218E+04 1.51082314410E+02 1.37496604835E+04 7.29504304320E+01 1.65495973030E+04 8.74799297181E+01 2.52999879807E+04 1.34232042698E+02 2.06504310129E+04 1.10051917089E+02 
5.01187233630E-02 5.66072289050E-02 6.30957344480E-02 1.65343722602E+04 8.19421458559E+01 1.10761070241E+04 5.46433731301E+01 2.54394250573E+04 1.26750277279E+02 1.23360291682E+04 6.11357168861E+01 1.48456585367E+04 7.32402510209E+01 2.26988433683E+04 1.12492443304E+02 1.85306765263E+04 9.23278880159E+01 
6.30957344480E-02 7.12642789600E-02 7.94328234720E-02 1.43697017811E+04 6.69643986057E+01 9.62624945343E+03 4.47489746949E+01 2.21085869284E+04 1.03336642045E+02 1.07210033451E+04 4.99610605977E+01 1.29023683198E+04 5.99784740919E+01 1.97271238877E+04 9.19305777864E+01 1.61044155637E+04 7.52728445216E+01 
7.94328234720E-02 8.97164117360E-02 1.00000000000E-01 1.23033051964E+04 5.76273361348E+01 8.23938868232E+03 3.83813726919E+01 1.89361762287E+04 8.92849237994E+01 9.17929809371E+03 4.29948284859E+01 1.10435147170E+04 5.14437745962E+01 1.68903175259E+04 7.91124002823E+01 1.37935568729E+04 6.50372419140E+01 
1.00000000000E-01 1.12946270590E-01 1.25892541180E-01 1.04118549504E+04 4.42359607788E+01 6.97310924739E+03 2.95505598638E+01 1.60238802986E+04 6.82941428143E+01 7.76811749144E+03 3.30037387491E+01 9.34628011450E+03 3.96075552853E+01 1.42936823349E+04 6.07283499590E+01 1.16721719080E+04 4.97470625332E+01 
1.25892541180E-01 1.42190930210E-01 1.58489319250E-01 8.74164668124E+03 3.66357761557E+01 5.85320451208E+03 2.43938913898E+01 1.34568712934E+04 5.67746791983E+01 6.52200196909E+03 2.73333632597E+01 7.84523617751E+03 3.26959085140E+01 1.20007742463E+04 5.02946063845E+01 9.80230207378E+03 4.13560138542E+01 
1.58489319250E-01 1.79007775370E-01 1.99526231500E-01 7.29320508393E+03 3.04235796740E+01 4.88369644007E+03 2.03178129517E+01 1.12262521462E+04 4.69821322493E+01 5.44134299324E+03 2.26985433951E+01 6.54577367193E+03 2.72326109376E+01 1.00123135762E+04 4.17663313044E+01 8.17746653687E+03 3.42228919588E+01 
1.99526231500E-01 2.25357437320E-01 2.51188643150E-01 5.99651932721E+03 2.31537443758E+01 4.01523375926E+03 1.54586444344E+01 9.23077222898E+03 3.57711222995E+01 4.47390660888E+03 1.72746362232E+01 5.38174551807E+03 2.07197128209E+01 8.23218751956E+03 3.17861004162E+01 6.72391195470E+03 2.60565281969E+01 
2.51188643150E-01 2.83708204580E-01 3.16227766020E-01 4.94078540755E+03 1.96079271980E+01 3.30748867654E+03 1.30824045235E+01 7.60781924268E+03 3.03178883522E+01 3.68624051415E+03 1.46291590656E+01 4.43313227281E+03 1.75347628883E+01 6.78284680653E+03 2.69183045623E+01 5.54171476516E+03 2.20842641196E+01 
3.16227766020E-01 3.57167468290E-01 3.98107170550E-01 4.00814476947E+03 1.50563436318E+01 2.69267869123E+03 1.05624888801E+01 6.19347579280E+03 2.45140516338E+01 2.99041233672E+03 1.12332957846E+01 3.60908289455E+03 1.41572398018E+01 5.50249195364E+03 2.06697648041E+01 4.51147367645E+03 1.78566127243E+01 
3.98107170550E-01 4.49647202090E-01 5.01187233630E-01 3.21490425857E+03 1.13471970523E+01 2.15191041766E+03 7.57596522453E+00 4.95086902631E+03 1.75274136018E+01 2.39858835175E+03 8.46596118760E+00 2.88427397754E+03 1.01543071554E+01 4.41350944936E+03 1.55777458321E+01 3.60632963380E+03 1.27673809870E+01 
5.01187233630E-01 5.66072289050E-01 6.30957344480E-01 2.62502977373E+03 1.09700722689E+01 1.75391696580E+03 7.14346230082E+00 4.04408732806E+03 1.70396093348E+01 1.95849248744E+03 8.18459445317E+00 2.35083069523E+03 9.57460973035E+00 3.60371344818E+03 1.50600185029E+01 2.94580848238E+03 1.24120528670E+01 
6.30957344480E-01 7.12642789600E-01 7.94328234720E-01 2.06089449227E+03 7.34545610215E+00 1.37918538926E+03 4.89132318478E+00 3.17451463569E+03 1.13809869075E+01 1.53760022874E+03 5.48032663741E+00 1.84856604428E+03 6.55599604047E+00 2.82925293702E+03 1.00840452186E+01 2.31239124743E+03 8.29017898233E+00 
7.94328234720E-01 8.97164117360E-01 1.00000000000E+00 1.64800910721E+03 5.50591273478E+00 1.10258017669E+03 3.67258437423E+00 2.53927586737E+03 8.51506607911E+00 1.22955308470E+03 4.10787292226E+00 1.47782328005E+03 4.92248164885E+00 2.26243246528E+03 7.55866922556E+00 1.84966836331E+03 6.20257473420E+00 
1.00000000000E+00 1.12946270590E+00 1.25892541180E+00 1.30308593158E+03 4.42840476442E+00 8.71758459748E+02 2.95394413297E+00 2.00794117294E+03 6.84736498771E+00 9.72211451869E+02 3.30396155859E+00 1.16844559119E+03 3.95926527606E+00 1.78891239360E+03 6.07943649374E+00 1.46263165444E+03 4.98778197066E+00 
1.25892541180E+00 1.42190930210E+00 1.58489319250E+00 1.02801491884E+03 3.26818016654E+00 6.87606272978E+02 2.17771023881E+00 1.58443513978E+03 5.05960340511E+00 7.66985394095E+02 2.43833664969E+00 9.21620558024E+02 2.91885429843E+00 1.41128730233E+03 4.48664808877E+00 1.15413988272E+03 3.68553431693E+00 
1.58489319250E+00 1.79007775370E+00 1.99526231500E+00 8.09023123051E+02 2.76884886709E+00 5.40943656735E+02 1.83529873452E+00 1.24739850382E+03 4.31182396323E+00 6.03599138009E+02 2.06579359950E+00 7.25043988648E+02 2.45990926830E+00 1.11064931058E+03 3.80115227575E+00 9.08634457016E+02 3.14083415491E+00 
1.99526231500E+00 2.25357437320E+00 2.51188643150E+00 6.26276331652E+02 1.76058409630E+00 4.18736196717E+02 1.17327623681E+00 9.65667368811E+02 2.72549069717E+00 4.67254696646E+02 1.31354347316E+00 5.61245442995E+02 1.57257945799E+00 8.59769462900E+02 2.41697852268E+00 7.03414861113E+02 1.98531163229E+00 
2.51188643150E+00 2.83708204580E+00 3.16227766020E+00 4.86634743097E+02 1.37520665801E+00 3.25297847687E+02 9.15618553423E-01 7.50538639408E+02 2.13092322391E+00 3.63070353727E+02 1.02601956570E+00 4.36007051842E+02 1.22723266978E+00 6.68065629430E+02 1.88792172078E+00 5.46710026506E+02 1.55221467763E+00 
3.16227766020E+00 3.57167468290E+00 3.98107170550E+00 3.77279583469E+02 1.03597698037E+00 2.52124598312E+02 6.89153961723E-01 5.82072443027E+02 1.60700490752E+00 2.81482228234E+02 7.72925760134E-01 3.37930618320E+02 9.23694974478E-01 5.17939842922E+02 1.42221784055E+00 4.23995280253E+02 1.17058023326E+00 
3.98107170550E+00 4.49647202090E+00 5.01187233630E+00 2.89364648229E+02 7.16865343066E-01 1.93342925633E+02 4.77474499243E-01 4.46514628768E+02 1.11039290115E+00 2.15890309269E+02 5.34841700829E-01 2.59143672788E+02 6.39974258131E-01 3.97247789221E+02 9.84132562303E-01 3.25251774808E+02 8.08836348380E-01 
5.01187233630E+00 5.66072289050E+00 6.30957344480E+00 2.22083012024E+02 5.64966375175E-01 1.48343444534E+02 3.75917684690E-01 3.42808979885E+02 8.76119501435E-01 1.65692562801E+02 4.21512324364E-01 1.98829436995E+02 5.03854429417E-01 3.04881698886E+02 7.75601459599E-01 2.49710137013E+02 6.38186084905E-01 
6.30957344480E+00 7.12642789600E+00 7.94328234720E+00 1.69247001920E+02 4.25988149549E-01 1.12996978415E+02 2.82573682995E-01 2.61394427588E+02 6.63083795757E-01 1.26272465593E+02 3.17822905852E-01 1.51453444208E+02 3.78742495000E-01 2.32346963448E+02 5.84808309095E-01 1.90405859115E+02 4.83005858086E-01 
7.94328234720E+00 8.97164117360E+00 1.00000000000E+01 1.28522858329E+02 3.08185763967E-01 8.57845524641E+01 2.04972537112E-01 1.98556511504E+02 4.78185295398E-01 9.58888371556E+01 2.29932440962E-01 1.14979764174E+02 2.74731210950E-01 1.76439733214E+02 4.23085937259E-01 1.44633240672E+02 3.48321434492E-01 
1.00000000000E+01 1.12946270590E+01 1.25892541180E+01 9.64915651864E+01 2.24400618203E-01 6.43766537982E+01 1.48918547876E-01 1.49144407767E+02 3.49099587935E-01 7.19908046039E+01 1.67421691490E-01 8.62860766819E+01 1.99600266296E-01 1.32466288413E+02 3.08063372725E-01 1.08640300236E+02 2.54292364113E-01 
1.25892541180E+01 1.42190930210E+01 1.58489319250E+01 7.16923809207E+01 1.59584436344E-01 4.78231260272E+01 1.06645952120E-01 1.10863895153E+02 2.48140944048E-01 5.34885321476E+01 1.19063380851E-01 6.40988569007E+01 1.42940961661E-01 9.84212826238E+01 2.19081926282E-01 8.07558730158E+01 1.80751709472E-01 
1.58489319250E+01 1.79007775370E+01 1.99526231500E+01 5.34531065284E+01 1.26260262002E-01 3.56264451100E+01 8.36569283987E-02 8.27154336161E+01 1.96787516619E-01 3.98805029240E+01 9.42007504334E-02 4.77512575336E+01 1.12128041967E-01 7.33819024726E+01 1.73333578424E-01 6.02518704972E+01 1.43344663124E-01 
1.99526231500E+01 2.25357437320E+01 2.51188643150E+01 3.92867464329E+01 9.03798145078E-02 2.61699637743E+01 5.99542281872E-02 6.08319914695E+01 1.40650333809E-01 2.93112095395E+01 6.74309257375E-02 3.50764348217E+01 8.03585589736E-02 5.39339316730E+01 1.24075908108E-01 4.43114556966E+01 1.02453016657E-01 
2.51188643150E+01 2.83708204580E+01 3.16227766020E+01 2.85564048208E+01 6.63802314749E-02 1.90100752033E+01 4.40659875105E-02 4.42488084620E+01 1.03215572596E-01 2.13054742730E+01 4.95252228983E-02 2.54798084390E+01 5.90630446453E-02 3.92030220436E+01 9.11286169983E-02 3.22318745192E+01 7.51846546829E-02 
3.16227766020E+01 3.57167468290E+01 3.98107170550E+01 2.07203666270E+01 5.00446061751E-02 1.37815632952E+01 3.31566931966E-02 3.21380539703E+01 7.79864034282E-02 1.54591322287E+01 3.73374756402E-02 1.84718676279E+01 4.44409704899E-02 2.84454921664E+01 6.87026189522E-02 2.34101156362E+01 5.68071334993E-02 
3.98107170550E+01 4.49647202090E+01 5.01187233630E+01 1.47629856692E+01 3.63967799262E-02 9.80968604810E+00 2.41189915457E-02 2.29229258624E+01 5.67063258860E-02 1.10144261275E+01 2.71550520174E-02 1.31482342221E+01 3.23274515095E-02 2.02670348824E+01 4.99665057529E-02 1.66975992278E+01 4.13062236911E-02 
5.01187233630E+01 5.66072289050E+01 6.30957344480E+01 1.03744184451E+01 2.46775345688E-02 6.88591259786E+00 1.63533826780E-02 1.61287008837E+01 3.84448184323E-02 7.74018671713E+00 1.84115115742E-02 9.22940767172E+00 2.19189589473E-02 1.42422884656E+01 3.38780017215E-02 1.17485256917E+01 2.80041114482E-02 
6.30957344480E+01 7.12642789600E+01 7.94328234720E+01 7.17144907064E+00 1.74334624968E-02 4.75335398180E+00 1.15274212305E-02 1.11666165474E+01 2.72278660745E-02 5.35050279031E+00 1.30068259309E-02 6.37107152937E+00 1.54505693222E-02 9.84516355493E+00 2.39331393025E-02 8.13402656186E+00 1.98334190962E-02 
7.94328234720E+01 8.97164117360E+01 1.00000000000E+02 4.91082068216E+00 1.37342494493E-02 3.24679259617E+00 8.99234898109E-03 7.66046630102E+00 2.15130414591E-02 3.66388431456E+00 1.02469025824E-02 4.35177938577E+00 1.20527313545E-02 6.74171040307E+00 1.88547573580E-02 5.58006412273E+00 1.56706062138E-02 
#nx: 3
