#labels: pt_diff_lower[1]   pt_diff_center[2]   pt_diff_upper[3]   tot_scale01[4]   tot_scale01_Err[5]   tot_scale02[6]   tot_scale02_Err[7]   tot_scale03[8]   tot_scale03_Err[9]   tot_scale04[10]  tot_scale04_Err[11]  tot_scale05[12]  tot_scale05_Err[13]  tot_scale06[14]  tot_scale06_Err[15]  tot_scale07[16]  tot_scale07_Err[17] 
#neval: 1446064
#overflow:lower center upper   -5.9319217624E+001    3.1348826101E+000   -3.9734735009E+001    2.1026372941E+000   -9.1271199410E+001    4.8163516325E+000   -4.4257114049E+001    2.3388854870E+000   -5.3257729155E+001    2.8182316428E+000   -8.1435061966E+001    4.3036535179E+000   -6.6484091863E+001    3.5083439951E+000
    1.0000000000E-002    1.1294627059E-002    1.2589254118E-002   -5.9208186940E+003    1.9340399357E+003   -3.9528586300E+003    1.2908037830E+003   -9.1435571588E+003    2.9874951537E+003   -4.4174275842E+003    1.4429560847E+003   -5.2981421484E+003    1.7301053663E+003   -8.1282635974E+003    2.6551034945E+003   -6.6603824429E+003    2.1761618508E+003
    1.2589254118E-002    1.4219093021E-002    1.5848931925E-002    2.3015788824E+003    1.8846555222E+003    1.5726965100E+003    1.2651131669E+003    3.4589879754E+003    2.8927437038E+003    1.7171709805E+003    1.4061111682E+003    2.1079351543E+003    1.6956714164E+003    3.1596711220E+003    2.5873072065E+003    2.5196083299E+003    2.1071426625E+003
    1.5848931925E-002    1.7900777537E-002    1.9952623150E-002    4.5963746720E+003    2.6971660697E+003    3.0835133463E+003    1.7847432352E+003    7.0603806180E+003    4.2063739345E+003    3.4292812046E+003    2.0123122175E+003    4.1329310139E+003    2.3921481245E+003    6.3100302267E+003    3.7027441497E+003    5.1429475741E+003    3.0640218697E+003
    1.9952623150E-002    2.2535743732E-002    2.5118864315E-002    6.4812009321E+003    2.0753919972E+003    4.3135742637E+003    1.3840273165E+003    1.0041787742E+004    3.2090253424E+003    4.8355197576E+003    1.5484165839E+003    5.7816207853E+003    1.8550558333E+003    8.8975718268E+003    2.8491555126E+003    7.3146747604E+003    2.3375296592E+003
    2.5118864315E-002    2.8370820458E-002    3.1622776602E-002    2.5993508521E+003    2.1460434403E+003    1.7397424975E+003    1.4236529281E+003    4.0028605685E+003    3.3376100837E+003    1.9393338571E+003    1.6011284891E+003    2.3318322046E+003    1.9081673010E+003    3.5684607146E+003    2.9461477670E+003    2.9157779395E+003    2.4311938140E+003
    3.1622776602E-002    3.5716746829E-002    3.9810717055E-002    2.3113523137E+003    1.8227181681E+003    1.5333097612E+003    1.2169258622E+003    3.5943031775E+003    2.8146470190E+003    1.7244627804E+003    1.3599007047E+003    2.0551438422E+003    1.6310844392E+003    3.1730883587E+003    2.5022778943E+003    2.6181751109E+003    2.0502551975E+003
    3.9810717055E-002    4.4964720209E-002    5.0118723363E-002   -1.8252117397E+002    1.4981178122E+003   -1.2205270974E+002    9.9755861164E+002   -2.7803046557E+002    2.3207361987E+003   -1.3617611183E+002    1.1177216006E+003   -1.6359112893E+002    1.3370595360E+003   -2.5057011383E+002    2.0566575513E+003   -2.0252394110E+002    1.6904789202E+003
    5.0118723363E-002    5.6607228905E-002    6.3095734448E-002    1.0264861869E+003    1.7677769302E+003    6.3849356816E+002    1.1489016845E+003    1.7124352222E+003    2.8176526389E+003    7.6584483180E+002    1.3189099309E+003    8.5579323766E+002    1.5399094703E+003    1.4091886169E+003    2.4268530440E+003    1.2473781583E+003    2.0524445618E+003
    6.3095734448E-002    7.1264278960E-002    7.9432823472E-002    4.9087946260E+002    1.4922301680E+003    3.7983420034E+002    9.6398224005E+002    6.1764265773E+002    2.3943908423E+003    3.6623727066E+002    1.1133289241E+003    5.0910385991E+002    1.2920560572E+003    6.7389289771E+002    2.0485748307E+003    4.4990546262E+002    1.7441306978E+003
    7.9432823472E-002    8.9716411736E-002    1.0000000000E-001    6.3964034880E+002    5.1921892968E+002    4.2714360287E+002    3.4759030236E+002    9.8758232300E+002    7.9957529633E+002    4.7722537487E+002    3.8738089118E+002    5.7251415687E+002    4.6588633789E+002    8.7811595512E+002    7.1279810163E+002    7.1937823003E+002    5.8242948264E+002
    1.0000000000E-001    1.1294627059E-001    1.2589254118E-001   -3.4630513022E+002    5.3114316353E+002   -2.2410326927E+002    3.5436297648E+002   -5.5310392930E+002    8.2103024430E+002   -2.5837268693E+002    3.9627737024E+002   -3.0037273974E+002    4.7496396842E+002   -4.7541725715E+002    7.2916801953E+002   -4.0289393240E+002    5.9805777219E+002
    1.2589254118E-001    1.4219093021E-001    1.5848931925E-001   -2.9407722413E+002    3.0008754428E+002   -1.9341722317E+002    2.0011351421E+002   -4.6210096135E+002    4.6443350966E+002   -2.1940628634E+002    2.2389048952E+002   -2.5924325614E+002    2.6821850801E+002   -4.0371734371E+002    4.1196847737E+002   -3.3660522665E+002    3.3830430979E+002
    1.5848931925E-001    1.7900777537E-001    1.9952623150E-001    1.4566966071E+001    2.8748898023E+002    4.4157331123E+000    1.9137035483E+002    3.6303450835E+001    4.4588114340E+002    1.0868179059E+001    2.1449090355E+002    5.9185475395E+000    2.5649977340E+002    1.9997933759E+001    3.9467282034E+002    2.6444288843E+001    3.2479032914E+002
    1.9952623150E-001    2.2535743732E-001    2.5118864315E-001   -2.4512720277E+001    1.8405316083E+002   -1.7489356969E+001    1.2219552185E+002   -3.4785724985E+001    2.8619035006E+002   -1.8288546282E+001    1.3731910258E+002   -2.3441541420E+001    1.6378254454E+002   -3.3651740105E+001    2.5267326775E+002   -2.5338741579E+001    2.0846779320E+002
    2.5118864315E-001    2.8370820458E-001    3.1622776602E-001    7.3391904402E+001    1.2397462015E+002    4.8020044983E+001    8.2727121034E+001    1.1569423889E+002    1.9163020654E+002    5.4756519279E+001    9.2495469812E+001    6.4362793640E+001    1.1088179158E+002    1.0075443545E+002    1.7019578609E+002    8.4274409188E+001    1.3958795696E+002
    3.1622776602E-001    3.5716746829E-001    3.9810717055E-001    3.5279877200E+001    9.4323463792E+001    2.3979245040E+001    6.2923788034E+001    5.3526931678E+001    1.4583405661E+002    2.6321748860E+001    7.0373219030E+001    3.2140144824E+001    8.4338754488E+001    4.8433190811E+001    1.2948985888E+002    3.8990278048E+001    1.0622896247E+002
    3.9810717055E-001    4.4964720209E-001    5.0118723363E-001   -3.6429670138E+001    7.2185783651E+001   -2.3526341356E+001    4.8211542356E+001   -5.8338870261E+001    1.1145175254E+002   -2.7179590876E+001    5.3856651988E+001   -3.1533103610E+001    6.4619463660E+001   -5.0011658346E+001    9.9098639533E+001   -4.2495407474E+001    8.1184082188E+001
    5.0118723363E-001    5.6607228905E-001    6.3095734448E-001   -1.8014305414E+001    4.9024638871E+001   -1.2606241814E+001    3.2832554274E+001   -2.6323243308E+001    7.5459659826E+001   -1.3440183488E+001    3.6576494442E+001   -1.6896546864E+001    4.4006516782E+001   -2.4730536519E+001    6.7302379637E+001   -1.9174470562E+001    5.4966593933E+001
    6.3095734448E-001    7.1264278960E-001    7.9432823472E-001   -1.5677307580E+001    3.7760512120E+001   -1.0286700504E+001    2.5276782009E+001   -2.4663792235E+001    5.8151325810E+001   -1.1696586997E+001    2.8172510670E+001   -1.3787591870E+001    3.3879274893E+001   -2.1522241280E+001    5.1838675013E+001   -1.7965687306E+001    4.2358795677E+001
    7.9432823472E-001    8.9716411736E-001    1.0000000000E+000    2.2462718006E+001    2.9147254669E+001    1.5035966967E+001    1.9514999322E+001    3.4618045752E+001    4.4875457595E+001    1.6759072565E+001    2.1746297840E+001    2.0153184768E+001    2.6156574295E+001    3.0837440310E+001    4.0014157050E+001    2.5216600075E+001    3.2688340511E+001
    1.0000000000E+000    1.1294627059E+000    1.2589254118E+000   -1.2927567024E+001    1.9696623883E+001   -8.9833483952E+000    1.3136584623E+001   -1.9029705536E+001    3.0485705450E+001   -9.6450498015E+000    1.4695334235E+001   -1.2040667583E+001    1.7607382199E+001   -1.7747321422E+001    2.7040069824E+001   -1.3861685824E+001    2.2206506047E+001
    1.2589254118E+000    1.4219093021E+000    1.5848931925E+000   -1.6776910017E+001    1.4068317170E+001   -1.1003424781E+001    9.3617070365E+000   -2.6450853310E+001    2.1834259899E+001   -1.2516982687E+001    1.0496145135E+001   -1.4748240215E+001    1.2547793704E+001   -2.3031805906E+001    1.9313374761E+001   -1.9267424693E+001    1.5904589293E+001
    1.5848931925E+000    1.7900777537E+000    1.9952623150E+000   -1.3715645854E+001    1.3808948035E+001   -8.6363700646E+000    8.8071644583E+000   -2.2637872749E+001    2.2524491360E+001   -1.0233022739E+001    1.0302633995E+001   -1.1575601490E+001    1.1804522649E+001   -1.8829217828E+001    1.8957305641E+001   -1.6489959825E+001    1.6407370150E+001
    1.9952623150E+000    2.2535743732E+000    2.5118864315E+000    1.2131301999E+001    1.0588359662E+001    7.5610304216E+000    6.7252369101E+000    2.0213838300E+001    1.7345846240E+001    9.0509692747E+000    7.8998048175E+000    1.0134289564E+001    9.0140489369E+000    1.6654186781E+001    1.4535992883E+001    1.4724236025E+001    1.2635123043E+001
    2.5118864315E+000    2.8370820458E+000    3.1622776602E+000   -6.6493300175E+000    5.4949355597E+000   -4.3396306375E+000    3.6544518655E+000   -1.0543518656E+001    8.5334874713E+000   -4.9609581637E+000    4.0996830285E+000   -5.8165449719E+000    4.8981780707E+000   -9.1283840836E+000    7.5435994561E+000   -7.6801473782E+000    6.2159933102E+000
    3.1622776602E+000    3.5716746829E+000    3.9810717055E+000   -5.1432845270E+000    4.0426263547E+000   -3.4957074889E+000    2.6935123551E+000   -7.7684807946E+000    6.2672817122E+000   -3.8373218498E+000    3.0161384928E+000   -4.6854079336E+000    3.6102002808E+000   -7.0608431963E+000    5.5498292272E+000   -5.6587444245E+000    4.5652356469E+000
    3.9810717055E+000    4.4964720209E+000    5.0118723363E+000    4.3463123482E+000    3.5059441744E+000    2.8989873770E+000    2.3495189038E+000    6.7162499360E+000    5.3926485955E+000    3.2427137274E+000    2.6157285513E+000    3.8856049880E+000    3.1491349167E+000    5.9667377551E+000    4.8130570923E+000    4.8922746781E+000    3.9281322797E+000
    5.0118723363E+000    5.6607228905E+000    6.3095734448E+000   -2.9628129519E+000    2.1870976540E+000   -1.9823280876E+000    1.4588634886E+000   -4.5617775164E+000    3.3817467245E+000   -2.2105070831E+000    1.6317583776E+000   -2.6569773868E+000    1.9553611351E+000   -4.0674315340E+000    3.0025081266E+000   -3.3229062115E+000    2.4633439830E+000
    6.3095734448E+000    7.1264278960E+000    7.9432823472E+000   -2.6798574358E+000    1.7795907890E+000   -1.8051489360E+000    1.1942118947E+000   -4.0973124862E+000    2.7332069564E+000   -1.9993985241E+000    1.3277240608E+000   -2.4194985344E+000    1.6006401861E+000   -3.6789823785E+000    2.4430714358E+000   -2.9845789415E+000    1.9909323373E+000
    7.9432823472E+000    8.9716411736E+000    1.0000000000E+001   -5.3186053305E-001    9.0431260003E-001   -3.6909613848E-001    6.0305969027E-001   -7.8432199187E-001    1.3988552818E+000   -3.9681258810E-001    6.7469308394E-001   -4.9471129406E-001    8.0830008409E-001   -7.3015284424E-001    1.2414653391E+000   -5.7131861632E-001    1.0189591422E+000
    1.0000000000E+001    1.1294627059E+001    1.2589254118E+001   -9.6363003430E-001    6.4704171195E-001   -6.4378447156E-001    4.3211480109E-001   -1.4884972245E+000    9.9926837618E-001   -7.1894886746E-001    4.8274741285E-001   -8.6288480377E-001    5.7917721196E-001   -1.3228979528E+000    8.8827675108E-001   -1.0842564451E+000    7.2789062647E-001
    1.2589254118E+001    1.4219093021E+001    1.5848931925E+001   -5.9615690082E-001    5.0958327975E-001   -4.0065066467E-001    3.4035620154E-001   -9.1296121378E-001    7.8680448638E-001   -4.4478307381E-001    3.8019188777E-001   -5.3700482916E-001    4.5619024247E-001   -8.1842067554E-001    6.9957001501E-001   -6.6502245611E-001    5.7312692381E-001
    1.5848931925E+001    1.7900777537E+001    1.9952623150E+001   -1.2347793832E-001    3.6301359174E-001   -8.2552832520E-002    2.4237984485E-001   -1.9060510353E-001    5.6067961552E-001   -9.2124903487E-002    2.7083860129E-001   -1.1064818714E-001    3.2486941530E-001   -1.6951392754E-001    4.9835509506E-001   -1.3884124778E-001    4.0841224071E-001
    1.9952623150E+001    2.2535743732E+001    2.5118864315E+001   -3.6298248702E-001    2.5899235088E-001   -2.4281270790E-001    1.7248503245E-001   -5.5942515937E-001    4.0116215887E-001   -2.7081539456E-001    1.9323002679E-001   -3.2544959542E-001    2.3118717513E-001   -4.9831239365E-001    3.5555185971E-001   -4.0749846530E-001    2.9221596730E-001
    2.5118864315E+001    2.8370820458E+001    3.1622776602E+001   -1.1141768714E-001    2.2043818681E-001   -7.6114915353E-002    1.4607954931E-001   -1.6764138061E-001    3.4334083616E-001   -8.3126944089E-002    1.6446538517E-001   -1.0201924200E-001    1.9579506622E-001   -1.5295728130E-001    3.0262363736E-001   -1.2211393102E-001    2.5009755366E-001
    3.1622776602E+001    3.5716746829E+001    3.9810717055E+001   -2.8306165979E-001    1.5682959179E-001   -1.9167578266E-001    1.0348086237E-001   -4.3000424899E-001    2.4548297033E-001   -2.1118775099E-001    1.1700803564E-001   -2.5690914803E-001    1.3869869120E-001   -3.8859487244E-001    2.1529999951E-001   -3.1322522522E-001    1.7881557879E-001
    3.9810717055E+001    4.4964720209E+001    5.0118723363E+001   -2.2872582432E-001    8.6114148071E-002   -1.5150037112E-001    5.6985684819E-002   -3.5640334047E-001    1.3440121876E-001   -1.7064865820E-001    6.4248380627E-002   -2.0306076610E-001    7.6379725878E-002   -3.1400113526E-001    1.1821988329E-001   -2.5961258952E-001    9.7901014036E-002
    5.0118723363E+001    5.6607228905E+001    6.3095734448E+001   -8.8816826615E-002    5.4760666141E-002   -6.0033575374E-002    3.6384097879E-002   -1.3519424096E-001    8.5067503106E-002   -6.6264805613E-002    4.0856052117E-002   -8.0464910531E-002    4.8766763639E-002   -1.2193019512E-001    7.5176956459E-002   -9.8478670086E-002    6.1965173325E-002
    6.3095734448E+001    7.1264278960E+001    7.9432823472E+001   -1.3881496991E-001    4.1208702556E-002   -9.2265151923E-002    2.7386121757E-002   -2.1554314611E-001    6.3990819794E-002   -1.0356761605E-001    3.0745150086E-002   -1.2366591775E-001    3.6706490048E-002   -1.9056902855E-001    5.6572446175E-002   -1.5700670550E-001    4.6612420665E-002
    7.9432823472E+001    8.9716411736E+001    1.0000000000E+002   -4.1806779715E-002    2.5288769135E-002   -2.8433865162E-002    1.6773753021E-002   -6.3173296239E-002    3.9349212583E-002   -3.1191365833E-002    1.8867543851E-002   -3.8110813858E-002    2.2482394689E-002   -5.7393503034E-002    3.4717121432E-002   -4.6016917249E-002    2.8662893453E-002
#nx: 3
