#labels: pt_diff_lower[1]   pt_diff_center[2]   pt_diff_upper[3]   tot_scale01[4]   tot_scale01_Err[5]   tot_scale02[6]   tot_scale02_Err[7]   tot_scale03[8]   tot_scale03_Err[9]   tot_scale04[10]  tot_scale04_Err[11]  tot_scale05[12]  tot_scale05_Err[13]  tot_scale06[14]  tot_scale06_Err[15]  tot_scale07[16]  tot_scale07_Err[17] 
#neval: 200
#overflow:lower center upper   -1.0751541335E-009    1.0724628799E-009   -7.6891439185E-010    7.6698969699E-010   -1.5414246916E-009    1.5375663009E-009   -8.0215520391E-010    8.0014730287E-010   -1.0306004159E-009    1.0280206861E-009   -1.4760013196E-009    1.4723066922E-009   -1.1228100590E-009    1.1199995163E-009
    1.0000000000E-002    1.1294627059E-002    1.2589254118E-002    0.0000000000E+000    0.0000000000E+000    0.0000000000E+000    0.0000000000E+000    0.0000000000E+000    0.0000000000E+000    0.0000000000E+000    0.0000000000E+000    0.0000000000E+000    0.0000000000E+000    0.0000000000E+000    0.0000000000E+000    0.0000000000E+000    0.0000000000E+000
    1.2589254118E-002    1.4219093021E-002    1.5848931925E-002    0.0000000000E+000    0.0000000000E+000    0.0000000000E+000    0.0000000000E+000    0.0000000000E+000    0.0000000000E+000    0.0000000000E+000    0.0000000000E+000    0.0000000000E+000    0.0000000000E+000    0.0000000000E+000    0.0000000000E+000    0.0000000000E+000    0.0000000000E+000
    1.5848931925E-002    1.7900777537E-002    1.9952623150E-002    0.0000000000E+000    0.0000000000E+000    0.0000000000E+000    0.0000000000E+000    0.0000000000E+000    0.0000000000E+000    0.0000000000E+000    0.0000000000E+000    0.0000000000E+000    0.0000000000E+000    0.0000000000E+000    0.0000000000E+000    0.0000000000E+000    0.0000000000E+000
    1.9952623150E-002    2.2535743732E-002    2.5118864315E-002    0.0000000000E+000    0.0000000000E+000    0.0000000000E+000    0.0000000000E+000    0.0000000000E+000    0.0000000000E+000    0.0000000000E+000    0.0000000000E+000    0.0000000000E+000    0.0000000000E+000    0.0000000000E+000    0.0000000000E+000    0.0000000000E+000    0.0000000000E+000
    2.5118864315E-002    2.8370820458E-002    3.1622776602E-002    0.0000000000E+000    0.0000000000E+000    0.0000000000E+000    0.0000000000E+000    0.0000000000E+000    0.0000000000E+000    0.0000000000E+000    0.0000000000E+000    0.0000000000E+000    0.0000000000E+000    0.0000000000E+000    0.0000000000E+000    0.0000000000E+000    0.0000000000E+000
    3.1622776602E-002    3.5716746829E-002    3.9810717055E-002    0.0000000000E+000    0.0000000000E+000    0.0000000000E+000    0.0000000000E+000    0.0000000000E+000    0.0000000000E+000    0.0000000000E+000    0.0000000000E+000    0.0000000000E+000    0.0000000000E+000    0.0000000000E+000    0.0000000000E+000    0.0000000000E+000    0.0000000000E+000
    3.9810717055E-002    4.4964720209E-002    5.0118723363E-002    0.0000000000E+000    0.0000000000E+000    0.0000000000E+000    0.0000000000E+000    0.0000000000E+000    0.0000000000E+000    0.0000000000E+000    0.0000000000E+000    0.0000000000E+000    0.0000000000E+000    0.0000000000E+000    0.0000000000E+000    0.0000000000E+000    0.0000000000E+000
    5.0118723363E-002    5.6607228905E-002    6.3095734448E-002    0.0000000000E+000    0.0000000000E+000    0.0000000000E+000    0.0000000000E+000    0.0000000000E+000    0.0000000000E+000    0.0000000000E+000    0.0000000000E+000    0.0000000000E+000    0.0000000000E+000    0.0000000000E+000    0.0000000000E+000    0.0000000000E+000    0.0000000000E+000
    6.3095734448E-002    7.1264278960E-002    7.9432823472E-002    0.0000000000E+000    0.0000000000E+000    0.0000000000E+000    0.0000000000E+000    0.0000000000E+000    0.0000000000E+000    0.0000000000E+000    0.0000000000E+000    0.0000000000E+000    0.0000000000E+000    0.0000000000E+000    0.0000000000E+000    0.0000000000E+000    0.0000000000E+000
    7.9432823472E-002    8.9716411736E-002    1.0000000000E-001    0.0000000000E+000    0.0000000000E+000    0.0000000000E+000    0.0000000000E+000    0.0000000000E+000    0.0000000000E+000    0.0000000000E+000    0.0000000000E+000    0.0000000000E+000    0.0000000000E+000    0.0000000000E+000    0.0000000000E+000    0.0000000000E+000    0.0000000000E+000
    1.0000000000E-001    1.1294627059E-001    1.2589254118E-001    0.0000000000E+000    0.0000000000E+000    0.0000000000E+000    0.0000000000E+000    0.0000000000E+000    0.0000000000E+000    0.0000000000E+000    0.0000000000E+000    0.0000000000E+000    0.0000000000E+000    0.0000000000E+000    0.0000000000E+000    0.0000000000E+000    0.0000000000E+000
    1.2589254118E-001    1.4219093021E-001    1.5848931925E-001    0.0000000000E+000    0.0000000000E+000    0.0000000000E+000    0.0000000000E+000    0.0000000000E+000    0.0000000000E+000    0.0000000000E+000    0.0000000000E+000    0.0000000000E+000    0.0000000000E+000    0.0000000000E+000    0.0000000000E+000    0.0000000000E+000    0.0000000000E+000
    1.5848931925E-001    1.7900777537E-001    1.9952623150E-001    0.0000000000E+000    0.0000000000E+000    0.0000000000E+000    0.0000000000E+000    0.0000000000E+000    0.0000000000E+000    0.0000000000E+000    0.0000000000E+000    0.0000000000E+000    0.0000000000E+000    0.0000000000E+000    0.0000000000E+000    0.0000000000E+000    0.0000000000E+000
    1.9952623150E-001    2.2535743732E-001    2.5118864315E-001    0.0000000000E+000    0.0000000000E+000    0.0000000000E+000    0.0000000000E+000    0.0000000000E+000    0.0000000000E+000    0.0000000000E+000    0.0000000000E+000    0.0000000000E+000    0.0000000000E+000    0.0000000000E+000    0.0000000000E+000    0.0000000000E+000    0.0000000000E+000
    2.5118864315E-001    2.8370820458E-001    3.1622776602E-001    0.0000000000E+000    0.0000000000E+000    0.0000000000E+000    0.0000000000E+000    0.0000000000E+000    0.0000000000E+000    0.0000000000E+000    0.0000000000E+000    0.0000000000E+000    0.0000000000E+000    0.0000000000E+000    0.0000000000E+000    0.0000000000E+000    0.0000000000E+000
    3.1622776602E-001    3.5716746829E-001    3.9810717055E-001    0.0000000000E+000    0.0000000000E+000    0.0000000000E+000    0.0000000000E+000    0.0000000000E+000    0.0000000000E+000    0.0000000000E+000    0.0000000000E+000    0.0000000000E+000    0.0000000000E+000    0.0000000000E+000    0.0000000000E+000    0.0000000000E+000    0.0000000000E+000
    3.9810717055E-001    4.4964720209E-001    5.0118723363E-001    0.0000000000E+000    0.0000000000E+000    0.0000000000E+000    0.0000000000E+000    0.0000000000E+000    0.0000000000E+000    0.0000000000E+000    0.0000000000E+000    0.0000000000E+000    0.0000000000E+000    0.0000000000E+000    0.0000000000E+000    0.0000000000E+000    0.0000000000E+000
    5.0118723363E-001    5.6607228905E-001    6.3095734448E-001    0.0000000000E+000    0.0000000000E+000    0.0000000000E+000    0.0000000000E+000    0.0000000000E+000    0.0000000000E+000    0.0000000000E+000    0.0000000000E+000    0.0000000000E+000    0.0000000000E+000    0.0000000000E+000    0.0000000000E+000    0.0000000000E+000    0.0000000000E+000
    6.3095734448E-001    7.1264278960E-001    7.9432823472E-001    0.0000000000E+000    0.0000000000E+000    0.0000000000E+000    0.0000000000E+000    0.0000000000E+000    0.0000000000E+000    0.0000000000E+000    0.0000000000E+000    0.0000000000E+000    0.0000000000E+000    0.0000000000E+000    0.0000000000E+000    0.0000000000E+000    0.0000000000E+000
    7.9432823472E-001    8.9716411736E-001    1.0000000000E+000    0.0000000000E+000    0.0000000000E+000    0.0000000000E+000    0.0000000000E+000    0.0000000000E+000    0.0000000000E+000    0.0000000000E+000    0.0000000000E+000    0.0000000000E+000    0.0000000000E+000    0.0000000000E+000    0.0000000000E+000    0.0000000000E+000    0.0000000000E+000
    1.0000000000E+000    1.1294627059E+000    1.2589254118E+000    0.0000000000E+000    0.0000000000E+000    0.0000000000E+000    0.0000000000E+000    0.0000000000E+000    0.0000000000E+000    0.0000000000E+000    0.0000000000E+000    0.0000000000E+000    0.0000000000E+000    0.0000000000E+000    0.0000000000E+000    0.0000000000E+000    0.0000000000E+000
    1.2589254118E+000    1.4219093021E+000    1.5848931925E+000    0.0000000000E+000    0.0000000000E+000    0.0000000000E+000    0.0000000000E+000    0.0000000000E+000    0.0000000000E+000    0.0000000000E+000    0.0000000000E+000    0.0000000000E+000    0.0000000000E+000    0.0000000000E+000    0.0000000000E+000    0.0000000000E+000    0.0000000000E+000
    1.5848931925E+000    1.7900777537E+000    1.9952623150E+000   -1.0491300853E-005    1.0465039734E-005   -7.3013399977E-006    7.2830637738E-006   -1.5496207398E-005    1.5457418332E-005   -7.8273908017E-006    7.8077978027E-006   -9.7862182290E-006    9.7617220248E-006   -1.4402747867E-005    1.4366695876E-005   -1.1287802536E-005    1.1259547667E-005
    1.9952623150E+000    2.2535743732E+000    2.5118864315E+000    0.0000000000E+000    0.0000000000E+000    0.0000000000E+000    0.0000000000E+000    0.0000000000E+000    0.0000000000E+000    0.0000000000E+000    0.0000000000E+000    0.0000000000E+000    0.0000000000E+000    0.0000000000E+000    0.0000000000E+000    0.0000000000E+000    0.0000000000E+000
    2.5118864315E+000    2.8370820458E+000    3.1622776602E+000    1.6530883047E-009    1.6489504050E-009    1.1822336433E-009    1.1792743555E-009    2.3699961250E-009    2.3640637099E-009    1.2333425922E-009    1.2302553719E-009    1.5845853549E-009    1.5806189273E-009    2.2694053280E-009    2.2637247050E-009    1.7263610110E-009    1.7220397000E-009
    3.1622776602E+000    3.5716746829E+000    3.9810717055E+000    0.0000000000E+000    0.0000000000E+000    0.0000000000E+000    0.0000000000E+000    0.0000000000E+000    0.0000000000E+000    0.0000000000E+000    0.0000000000E+000    0.0000000000E+000    0.0000000000E+000    0.0000000000E+000    0.0000000000E+000    0.0000000000E+000    0.0000000000E+000
    3.9810717055E+000    4.4964720209E+000    5.0118723363E+000    0.0000000000E+000    0.0000000000E+000    0.0000000000E+000    0.0000000000E+000    0.0000000000E+000    0.0000000000E+000    0.0000000000E+000    0.0000000000E+000    0.0000000000E+000    0.0000000000E+000    0.0000000000E+000    0.0000000000E+000    0.0000000000E+000    0.0000000000E+000
    5.0118723363E+000    5.6607228905E+000    6.3095734448E+000    0.0000000000E+000    0.0000000000E+000    0.0000000000E+000    0.0000000000E+000    0.0000000000E+000    0.0000000000E+000    0.0000000000E+000    0.0000000000E+000    0.0000000000E+000    0.0000000000E+000    0.0000000000E+000    0.0000000000E+000    0.0000000000E+000    0.0000000000E+000
    6.3095734448E+000    7.1264278960E+000    7.9432823472E+000    0.0000000000E+000    0.0000000000E+000    0.0000000000E+000    0.0000000000E+000    0.0000000000E+000    0.0000000000E+000    0.0000000000E+000    0.0000000000E+000    0.0000000000E+000    0.0000000000E+000    0.0000000000E+000    0.0000000000E+000    0.0000000000E+000    0.0000000000E+000
    7.9432823472E+000    8.9716411736E+000    1.0000000000E+001    0.0000000000E+000    0.0000000000E+000    0.0000000000E+000    0.0000000000E+000    0.0000000000E+000    0.0000000000E+000    0.0000000000E+000    0.0000000000E+000    0.0000000000E+000    0.0000000000E+000    0.0000000000E+000    0.0000000000E+000    0.0000000000E+000    0.0000000000E+000
    1.0000000000E+001    1.1294627059E+001    1.2589254118E+001    0.0000000000E+000    0.0000000000E+000    0.0000000000E+000    0.0000000000E+000    0.0000000000E+000    0.0000000000E+000    0.0000000000E+000    0.0000000000E+000    0.0000000000E+000    0.0000000000E+000    0.0000000000E+000    0.0000000000E+000    0.0000000000E+000    0.0000000000E+000
    1.2589254118E+001    1.4219093021E+001    1.5848931925E+001    0.0000000000E+000    0.0000000000E+000    0.0000000000E+000    0.0000000000E+000    0.0000000000E+000    0.0000000000E+000    0.0000000000E+000    0.0000000000E+000    0.0000000000E+000    0.0000000000E+000    0.0000000000E+000    0.0000000000E+000    0.0000000000E+000    0.0000000000E+000
    1.5848931925E+001    1.7900777537E+001    1.9952623150E+001    1.0491300853E-006    1.0465039734E-006    7.3013399977E-007    7.2830637738E-007    1.5496207398E-006    1.5457418332E-006    7.8273908017E-007    7.8077978027E-007    9.7862182290E-007    9.7617220248E-007    1.4402747867E-006    1.4366695876E-006    1.1287802536E-006    1.1259547667E-006
    1.9952623150E+001    2.2535743732E+001    2.5118864315E+001    0.0000000000E+000    0.0000000000E+000    0.0000000000E+000    0.0000000000E+000    0.0000000000E+000    0.0000000000E+000    0.0000000000E+000    0.0000000000E+000    0.0000000000E+000    0.0000000000E+000    0.0000000000E+000    0.0000000000E+000    0.0000000000E+000    0.0000000000E+000
    2.5118864315E+001    2.8370820458E+001    3.1622776602E+001    0.0000000000E+000    0.0000000000E+000    0.0000000000E+000    0.0000000000E+000    0.0000000000E+000    0.0000000000E+000    0.0000000000E+000    0.0000000000E+000    0.0000000000E+000    0.0000000000E+000    0.0000000000E+000    0.0000000000E+000    0.0000000000E+000    0.0000000000E+000
    3.1622776602E+001    3.5716746829E+001    3.9810717055E+001    0.0000000000E+000    0.0000000000E+000    0.0000000000E+000    0.0000000000E+000    0.0000000000E+000    0.0000000000E+000    0.0000000000E+000    0.0000000000E+000    0.0000000000E+000    0.0000000000E+000    0.0000000000E+000    0.0000000000E+000    0.0000000000E+000    0.0000000000E+000
    3.9810717055E+001    4.4964720209E+001    5.0118723363E+001    0.0000000000E+000    0.0000000000E+000    0.0000000000E+000    0.0000000000E+000    0.0000000000E+000    0.0000000000E+000    0.0000000000E+000    0.0000000000E+000    0.0000000000E+000    0.0000000000E+000    0.0000000000E+000    0.0000000000E+000    0.0000000000E+000    0.0000000000E+000
    5.0118723363E+001    5.6607228905E+001    6.3095734448E+001    0.0000000000E+000    0.0000000000E+000    0.0000000000E+000    0.0000000000E+000    0.0000000000E+000    0.0000000000E+000    0.0000000000E+000    0.0000000000E+000    0.0000000000E+000    0.0000000000E+000    0.0000000000E+000    0.0000000000E+000    0.0000000000E+000    0.0000000000E+000
    6.3095734448E+001    7.1264278960E+001    7.9432823472E+001    0.0000000000E+000    0.0000000000E+000    0.0000000000E+000    0.0000000000E+000    0.0000000000E+000    0.0000000000E+000    0.0000000000E+000    0.0000000000E+000    0.0000000000E+000    0.0000000000E+000    0.0000000000E+000    0.0000000000E+000    0.0000000000E+000    0.0000000000E+000
    7.9432823472E+001    8.9716411736E+001    1.0000000000E+002    0.0000000000E+000    0.0000000000E+000    0.0000000000E+000    0.0000000000E+000    0.0000000000E+000    0.0000000000E+000    0.0000000000E+000    0.0000000000E+000    0.0000000000E+000    0.0000000000E+000    0.0000000000E+000    0.0000000000E+000    0.0000000000E+000    0.0000000000E+000
#nx: 3
