#labels: ptj1_lower[1]   ptj1_center[2]   ptj1_upper[3]   tot_scale01[4]   tot_scale01_Err[5]   tot_scale02[6]   tot_scale02_Err[7]   tot_scale03[8]   tot_scale03_Err[9]   tot_scale04[10]  tot_scale04_Err[11]  tot_scale05[12]  tot_scale05_Err[13]  tot_scale06[14]  tot_scale06_Err[15]  tot_scale07[16]  tot_scale07_Err[17] 
#neval: 200
#overflow:lower center upper    3.7426666048E-001    5.1054341532E-002    2.5697222993E-001    3.5237870845E-002    5.6125255317E-001    7.6170970029E-002    2.7923433486E-001    3.8090822947E-002    3.4442805316E-001    4.7230439088E-002    5.1380361894E-001    7.0088811567E-002    4.0882958199E-001    5.5484729043E-002
    1.0000000000E-002    1.1294627059E-002    1.2589254118E-002    0.0000000000E+000    0.0000000000E+000    0.0000000000E+000    0.0000000000E+000    0.0000000000E+000    0.0000000000E+000    0.0000000000E+000    0.0000000000E+000    0.0000000000E+000    0.0000000000E+000    0.0000000000E+000    0.0000000000E+000    0.0000000000E+000    0.0000000000E+000
    1.2589254118E-002    1.4219093021E-002    1.5848931925E-002    0.0000000000E+000    0.0000000000E+000    0.0000000000E+000    0.0000000000E+000    0.0000000000E+000    0.0000000000E+000    0.0000000000E+000    0.0000000000E+000    0.0000000000E+000    0.0000000000E+000    0.0000000000E+000    0.0000000000E+000    0.0000000000E+000    0.0000000000E+000
    1.5848931925E-002    1.7900777537E-002    1.9952623150E-002    0.0000000000E+000    0.0000000000E+000    0.0000000000E+000    0.0000000000E+000    0.0000000000E+000    0.0000000000E+000    0.0000000000E+000    0.0000000000E+000    0.0000000000E+000    0.0000000000E+000    0.0000000000E+000    0.0000000000E+000    0.0000000000E+000    0.0000000000E+000
    1.9952623150E-002    2.2535743732E-002    2.5118864315E-002    0.0000000000E+000    0.0000000000E+000    0.0000000000E+000    0.0000000000E+000    0.0000000000E+000    0.0000000000E+000    0.0000000000E+000    0.0000000000E+000    0.0000000000E+000    0.0000000000E+000    0.0000000000E+000    0.0000000000E+000    0.0000000000E+000    0.0000000000E+000
    2.5118864315E-002    2.8370820458E-002    3.1622776602E-002    0.0000000000E+000    0.0000000000E+000    0.0000000000E+000    0.0000000000E+000    0.0000000000E+000    0.0000000000E+000    0.0000000000E+000    0.0000000000E+000    0.0000000000E+000    0.0000000000E+000    0.0000000000E+000    0.0000000000E+000    0.0000000000E+000    0.0000000000E+000
    3.1622776602E-002    3.5716746829E-002    3.9810717055E-002    0.0000000000E+000    0.0000000000E+000    0.0000000000E+000    0.0000000000E+000    0.0000000000E+000    0.0000000000E+000    0.0000000000E+000    0.0000000000E+000    0.0000000000E+000    0.0000000000E+000    0.0000000000E+000    0.0000000000E+000    0.0000000000E+000    0.0000000000E+000
    3.9810717055E-002    4.4964720209E-002    5.0118723363E-002    0.0000000000E+000    0.0000000000E+000    0.0000000000E+000    0.0000000000E+000    0.0000000000E+000    0.0000000000E+000    0.0000000000E+000    0.0000000000E+000    0.0000000000E+000    0.0000000000E+000    0.0000000000E+000    0.0000000000E+000    0.0000000000E+000    0.0000000000E+000
    5.0118723363E-002    5.6607228905E-002    6.3095734448E-002    0.0000000000E+000    0.0000000000E+000    0.0000000000E+000    0.0000000000E+000    0.0000000000E+000    0.0000000000E+000    0.0000000000E+000    0.0000000000E+000    0.0000000000E+000    0.0000000000E+000    0.0000000000E+000    0.0000000000E+000    0.0000000000E+000    0.0000000000E+000
    6.3095734448E-002    7.1264278960E-002    7.9432823472E-002    0.0000000000E+000    0.0000000000E+000    0.0000000000E+000    0.0000000000E+000    0.0000000000E+000    0.0000000000E+000    0.0000000000E+000    0.0000000000E+000    0.0000000000E+000    0.0000000000E+000    0.0000000000E+000    0.0000000000E+000    0.0000000000E+000    0.0000000000E+000
    7.9432823472E-002    8.9716411736E-002    1.0000000000E-001    0.0000000000E+000    0.0000000000E+000    0.0000000000E+000    0.0000000000E+000    0.0000000000E+000    0.0000000000E+000    0.0000000000E+000    0.0000000000E+000    0.0000000000E+000    0.0000000000E+000    0.0000000000E+000    0.0000000000E+000    0.0000000000E+000    0.0000000000E+000
    1.0000000000E-001    1.1294627059E-001    1.2589254118E-001    0.0000000000E+000    0.0000000000E+000    0.0000000000E+000    0.0000000000E+000    0.0000000000E+000    0.0000000000E+000    0.0000000000E+000    0.0000000000E+000    0.0000000000E+000    0.0000000000E+000    0.0000000000E+000    0.0000000000E+000    0.0000000000E+000    0.0000000000E+000
    1.2589254118E-001    1.4219093021E-001    1.5848931925E-001    0.0000000000E+000    0.0000000000E+000    0.0000000000E+000    0.0000000000E+000    0.0000000000E+000    0.0000000000E+000    0.0000000000E+000    0.0000000000E+000    0.0000000000E+000    0.0000000000E+000    0.0000000000E+000    0.0000000000E+000    0.0000000000E+000    0.0000000000E+000
    1.5848931925E-001    1.7900777537E-001    1.9952623150E-001    0.0000000000E+000    0.0000000000E+000    0.0000000000E+000    0.0000000000E+000    0.0000000000E+000    0.0000000000E+000    0.0000000000E+000    0.0000000000E+000    0.0000000000E+000    0.0000000000E+000    0.0000000000E+000    0.0000000000E+000    0.0000000000E+000    0.0000000000E+000
    1.9952623150E-001    2.2535743732E-001    2.5118864315E-001    0.0000000000E+000    0.0000000000E+000    0.0000000000E+000    0.0000000000E+000    0.0000000000E+000    0.0000000000E+000    0.0000000000E+000    0.0000000000E+000    0.0000000000E+000    0.0000000000E+000    0.0000000000E+000    0.0000000000E+000    0.0000000000E+000    0.0000000000E+000
    2.5118864315E-001    2.8370820458E-001    3.1622776602E-001    0.0000000000E+000    0.0000000000E+000    0.0000000000E+000    0.0000000000E+000    0.0000000000E+000    0.0000000000E+000    0.0000000000E+000    0.0000000000E+000    0.0000000000E+000    0.0000000000E+000    0.0000000000E+000    0.0000000000E+000    0.0000000000E+000    0.0000000000E+000
    3.1622776602E-001    3.5716746829E-001    3.9810717055E-001    0.0000000000E+000    0.0000000000E+000    0.0000000000E+000    0.0000000000E+000    0.0000000000E+000    0.0000000000E+000    0.0000000000E+000    0.0000000000E+000    0.0000000000E+000    0.0000000000E+000    0.0000000000E+000    0.0000000000E+000    0.0000000000E+000    0.0000000000E+000
    3.9810717055E-001    4.4964720209E-001    5.0118723363E-001    0.0000000000E+000    0.0000000000E+000    0.0000000000E+000    0.0000000000E+000    0.0000000000E+000    0.0000000000E+000    0.0000000000E+000    0.0000000000E+000    0.0000000000E+000    0.0000000000E+000    0.0000000000E+000    0.0000000000E+000    0.0000000000E+000    0.0000000000E+000
    5.0118723363E-001    5.6607228905E-001    6.3095734448E-001    0.0000000000E+000    0.0000000000E+000    0.0000000000E+000    0.0000000000E+000    0.0000000000E+000    0.0000000000E+000    0.0000000000E+000    0.0000000000E+000    0.0000000000E+000    0.0000000000E+000    0.0000000000E+000    0.0000000000E+000    0.0000000000E+000    0.0000000000E+000
    6.3095734448E-001    7.1264278960E-001    7.9432823472E-001    0.0000000000E+000    0.0000000000E+000    0.0000000000E+000    0.0000000000E+000    0.0000000000E+000    0.0000000000E+000    0.0000000000E+000    0.0000000000E+000    0.0000000000E+000    0.0000000000E+000    0.0000000000E+000    0.0000000000E+000    0.0000000000E+000    0.0000000000E+000
    7.9432823472E-001    8.9716411736E-001    1.0000000000E+000    0.0000000000E+000    0.0000000000E+000    0.0000000000E+000    0.0000000000E+000    0.0000000000E+000    0.0000000000E+000    0.0000000000E+000    0.0000000000E+000    0.0000000000E+000    0.0000000000E+000    0.0000000000E+000    0.0000000000E+000    0.0000000000E+000    0.0000000000E+000
    1.0000000000E+000    1.1294627059E+000    1.2589254118E+000    0.0000000000E+000    0.0000000000E+000    0.0000000000E+000    0.0000000000E+000    0.0000000000E+000    0.0000000000E+000    0.0000000000E+000    0.0000000000E+000    0.0000000000E+000    0.0000000000E+000    0.0000000000E+000    0.0000000000E+000    0.0000000000E+000    0.0000000000E+000
    1.2589254118E+000    1.4219093021E+000    1.5848931925E+000    0.0000000000E+000    0.0000000000E+000    0.0000000000E+000    0.0000000000E+000    0.0000000000E+000    0.0000000000E+000    0.0000000000E+000    0.0000000000E+000    0.0000000000E+000    0.0000000000E+000    0.0000000000E+000    0.0000000000E+000    0.0000000000E+000    0.0000000000E+000
    1.5848931925E+000    1.7900777537E+000    1.9952623150E+000    0.0000000000E+000    0.0000000000E+000    0.0000000000E+000    0.0000000000E+000    0.0000000000E+000    0.0000000000E+000    0.0000000000E+000    0.0000000000E+000    0.0000000000E+000    0.0000000000E+000    0.0000000000E+000    0.0000000000E+000    0.0000000000E+000    0.0000000000E+000
    1.9952623150E+000    2.2535743732E+000    2.5118864315E+000    0.0000000000E+000    0.0000000000E+000    0.0000000000E+000    0.0000000000E+000    0.0000000000E+000    0.0000000000E+000    0.0000000000E+000    0.0000000000E+000    0.0000000000E+000    0.0000000000E+000    0.0000000000E+000    0.0000000000E+000    0.0000000000E+000    0.0000000000E+000
    2.5118864315E+000    2.8370820458E+000    3.1622776602E+000    1.6530883047E-009    1.6489504050E-009    1.1822336433E-009    1.1792743555E-009    2.3699961250E-009    2.3640637099E-009    1.2333425922E-009    1.2302553719E-009    1.5845853549E-009    1.5806189273E-009    2.2694053280E-009    2.2637247050E-009    1.7263610110E-009    1.7220397000E-009
    3.1622776602E+000    3.5716746829E+000    3.9810717055E+000    0.0000000000E+000    0.0000000000E+000    0.0000000000E+000    0.0000000000E+000    0.0000000000E+000    0.0000000000E+000    0.0000000000E+000    0.0000000000E+000    0.0000000000E+000    0.0000000000E+000    0.0000000000E+000    0.0000000000E+000    0.0000000000E+000    0.0000000000E+000
    3.9810717055E+000    4.4964720209E+000    5.0118723363E+000    0.0000000000E+000    0.0000000000E+000    0.0000000000E+000    0.0000000000E+000    0.0000000000E+000    0.0000000000E+000    0.0000000000E+000    0.0000000000E+000    0.0000000000E+000    0.0000000000E+000    0.0000000000E+000    0.0000000000E+000    0.0000000000E+000    0.0000000000E+000
    5.0118723363E+000    5.6607228905E+000    6.3095734448E+000    0.0000000000E+000    0.0000000000E+000    0.0000000000E+000    0.0000000000E+000    0.0000000000E+000    0.0000000000E+000    0.0000000000E+000    0.0000000000E+000    0.0000000000E+000    0.0000000000E+000    0.0000000000E+000    0.0000000000E+000    0.0000000000E+000    0.0000000000E+000
    6.3095734448E+000    7.1264278960E+000    7.9432823472E+000    0.0000000000E+000    0.0000000000E+000    0.0000000000E+000    0.0000000000E+000    0.0000000000E+000    0.0000000000E+000    0.0000000000E+000    0.0000000000E+000    0.0000000000E+000    0.0000000000E+000    0.0000000000E+000    0.0000000000E+000    0.0000000000E+000    0.0000000000E+000
    7.9432823472E+000    8.9716411736E+000    1.0000000000E+001    0.0000000000E+000    0.0000000000E+000    0.0000000000E+000    0.0000000000E+000    0.0000000000E+000    0.0000000000E+000    0.0000000000E+000    0.0000000000E+000    0.0000000000E+000    0.0000000000E+000    0.0000000000E+000    0.0000000000E+000    0.0000000000E+000    0.0000000000E+000
    1.0000000000E+001    1.1294627059E+001    1.2589254118E+001    0.0000000000E+000    0.0000000000E+000    0.0000000000E+000    0.0000000000E+000    0.0000000000E+000    0.0000000000E+000    0.0000000000E+000    0.0000000000E+000    0.0000000000E+000    0.0000000000E+000    0.0000000000E+000    0.0000000000E+000    0.0000000000E+000    0.0000000000E+000
    1.2589254118E+001    1.4219093021E+001    1.5848931925E+001    1.8800390280E-004    1.8753330406E-004    1.3483627177E-004    1.3449875867E-004    2.6869624140E-004    2.6802365901E-004    1.4026668761E-004    1.3991558146E-004    1.8072534372E-004    1.8027296418E-004    2.5809695555E-004    2.5745090459E-004    1.9572467231E-004    1.9523474746E-004
    1.5848931925E+001    1.7900777537E+001    1.9952623150E+001    1.8884063594E-004    1.8262542102E-004    1.3315620722E-004    1.2873221708E-004    2.7495655648E-004    2.6600073498E-004    1.4089096075E-004    1.3625388887E-004    1.7847349978E-004    1.7254388507E-004    2.5924564594E-004    2.5071322706E-004    2.0028483331E-004    1.9376120194E-004
    1.9952623150E+001    2.2535743732E+001    2.5118864315E+001    0.0000000000E+000    0.0000000000E+000    0.0000000000E+000    0.0000000000E+000    0.0000000000E+000    0.0000000000E+000    0.0000000000E+000    0.0000000000E+000    0.0000000000E+000    0.0000000000E+000    0.0000000000E+000    0.0000000000E+000    0.0000000000E+000    0.0000000000E+000
    2.5118864315E+001    2.8370820458E+001    3.1622776602E+001    0.0000000000E+000    0.0000000000E+000    0.0000000000E+000    0.0000000000E+000    0.0000000000E+000    0.0000000000E+000    0.0000000000E+000    0.0000000000E+000    0.0000000000E+000    0.0000000000E+000    0.0000000000E+000    0.0000000000E+000    0.0000000000E+000    0.0000000000E+000
    3.1622776602E+001    3.5716746829E+001    3.9810717055E+001   -2.4016723485E-005    2.3956606436E-005   -1.7242827988E-005    1.7199666899E-005   -3.4285181870E-005    3.4199361506E-005   -1.7918491055E-005    1.7873638692E-005   -2.3111110786E-005    2.3053260606E-005   -3.2970821997E-005    3.2888291650E-005   -2.4974134181E-005    2.4911620606E-005
    3.9810717055E+001    4.4964720209E+001    5.0118723363E+001   -1.2498913295E-004    1.2468402708E-004   -8.8744377196E-005    8.8527023880E-005   -1.8058295230E-004    1.8014397461E-004   -9.3252381492E-005    9.3024746911E-005   -1.1894691140E-004    1.1865558584E-004   -1.7158853731E-004    1.7116967954E-004   -1.3154087672E-004    1.3122111503E-004
    5.0118723363E+001    5.6607228905E+001    6.3095734448E+001    3.7241373759E-005    3.7148153653E-005    2.6103507877E-005    2.6038167329E-005    5.4546293673E-005    5.4409757055E-005    2.7785189890E-005    2.7715639868E-005    3.4987361869E-005    3.4899783854E-005    5.1125987517E-005    5.0998012379E-005    3.9732805340E-005    3.9633348851E-005
    6.3095734448E+001    7.1264278960E+001    7.9432823472E+001    2.4396501451E-004    2.2768702761E-004    1.7164037075E-004    1.6017611165E-004    3.5599203710E-004    3.3225839889E-004    1.8201837286E-004    1.6987362868E-004    2.3005504820E-004    2.1468913709E-004    3.3492191688E-004    3.1257504641E-004    2.5931298646E-004    2.4202484526E-004
    7.9432823472E+001    8.9716411736E+001    1.0000000000E+002    6.5544160606E-004    5.9600589199E-004    4.6466603218E-004    4.2280031101E-004    9.4874661400E-004    8.6212541037E-004    4.8901443872E-004    4.4467040855E-004    6.2280666233E-004    5.6669270465E-004    8.9980835795E-004    8.1821336643E-004    6.9108938468E-004    6.2799245929E-004
#nx: 3
