#labels: pth_lower[1]   pth_center[2]   pth_upper[3]   tot_scale01[4]   tot_scale01_Err[5]   tot_scale02[6]   tot_scale02_Err[7]   tot_scale03[8]   tot_scale03_Err[9]   tot_scale04[10]  tot_scale04_Err[11]  tot_scale05[12]  tot_scale05_Err[13]  tot_scale06[14]  tot_scale06_Err[15]  tot_scale07[16]  tot_scale07_Err[17] 
#neval: 1444378
#overflow:lower center upper    4.0905612441E+002    7.1938613051E+000    2.6877815020E+002    4.7942879223E+000    6.4327582372E+002    1.1139843704E+001    3.0519019427E+002    5.3672241979E+000    3.6025190360E+002    6.4259365917E+000    5.6156355686E+002    9.8759316900E+000    4.6857726461E+002    8.1145245920E+000
    1.0000000000E-002    1.1294627059E-002    1.2589254118E-002    9.5835833134E+003    9.1530855220E+002    6.4286759965E+003    6.1574940513E+002    1.4722952999E+004    1.4017536123E+003    7.1501573468E+003    6.8289698697E+002    8.6165589119E+003    8.2530851254E+002    1.3156608132E+004    1.2565608862E+003    1.0724545815E+004    1.0210703544E+003
    1.2589254118E-002    1.4219093021E-002    1.5848931925E-002    1.0917323366E+004    7.7091285090E+002    7.3230852076E+003    5.1772255116E+002    1.6772101434E+004    1.1828626855E+003    8.1452393452E+003    5.7516567700E+002    9.8153640255E+003    6.9392000227E+002    1.4987603351E+004    1.0583304753E+003    1.2217193810E+004    8.6162504656E+002
    1.5848931925E-002    1.7900777537E-002    1.9952623150E-002    1.3815065757E+004    1.1449560266E+003    9.2422837507E+003    7.5820354630E+002    2.1289405682E+004    1.7864123407E+003    1.0307198330E+004    8.5423327346E+002    1.2387726876E+004    1.0162443289E+003    1.8965704220E+004    1.5718272882E+003    1.5507704645E+004    1.3012648342E+003
    1.9952623150E-002    2.2535743732E-002    2.5118864315E-002    1.8897753600E+004    1.9880051948E+003    1.2669529157E+004    1.3322393277E+003    2.9048125819E+004    3.0573542612E+003    1.4099309968E+004    1.4832186964E+003    1.6981372902E+004    1.7856427447E+003    2.5943358612E+004    2.7291884943E+003    2.1159339176E+004    2.2270488705E+003
    2.5118864315E-002    2.8370820458E-002    3.1622776602E-002    2.4382789029E+004    3.3664033823E+003    1.6357329168E+004    2.2643511560E+003    3.7453413857E+004    5.1557042747E+003    1.8191606668E+004    2.5116194110E+003    2.1924248553E+004    3.0349818755E+003    3.3473366895E+004    4.6214916350E+003    2.7281948999E+004    3.7555364544E+003
    3.1622776602E-002    3.5716746829E-002    3.9810717055E-002    1.9056123368E+004    1.3352889021E+003    1.2766533362E+004    8.9259116624E+002    2.9316577482E+004    2.0596480791E+003    1.4217467105E+004    9.9623757013E+002    1.7111390724E+004    1.1963683303E+003    2.6160773009E+004    1.8331215218E+003    2.1354885692E+004    1.5002961830E+003
    3.9810717055E-002    4.4964720209E-002    5.0118723363E-002    1.9880923414E+004    2.0057510661E+003    1.3265772960E+004    1.3118644537E+003    3.0723773332E+004    3.1691270195E+003    1.4832837151E+004    1.4964586055E+003    1.7780537436E+004    1.7583336531E+003    2.7293081316E+004    2.7535505170E+003    2.2379920301E+004    2.3084667808E+003
    5.0118723363E-002    5.6607228905E-002    6.3095734448E-002    1.5775338220E+004    7.9870497967E+002    1.0577085213E+004    5.3592278327E+002    2.4246977100E+004    1.2267082552E+003    1.1769726080E+004    5.9590093721E+002    1.4176803732E+004    7.1831435225E+002    2.1656820452E+004    1.0964842781E+003    1.7662069342E+004    8.9356319248E+002
    6.3095734448E-002    7.1264278960E-002    7.9432823472E-002    1.4672226450E+004    8.2112954988E+002    9.8395722146E+003    5.5200596194E+002    2.2546453747E+004    1.2586322186E+003    1.0946712134E+004    6.1263154832E+002    1.3188291602E+004    7.3987114817E+002    2.0142438117E+004    1.1272693480E+003    1.6423368070E+004    9.1681735953E+002
    7.9432823472E-002    8.9716411736E-002    1.0000000000E-001    1.2572820400E+004    6.8367306710E+002    8.4240558459E+003    4.5686530913E+002    1.9339110585E+004    1.0548587840E+003    9.3803790515E+003    5.1007747767E+002    1.1291029990E+004    6.1235110512E+002    1.7260315449E+004    9.3856528819E+002    1.4087063751E+004    7.6838398917E+002
    1.0000000000E-001    1.1294627059E-001    1.2589254118E-001    1.0865543303E+004    5.7134348046E+002    7.2780197213E+003    3.8266001854E+002    1.6719371339E+004    8.7944428676E+002    8.1066070733E+003    4.2627018003E+002    9.7549613208E+003    5.1289139393E+002    1.4916518249E+004    7.8435612605E+002    1.2178783967E+004    6.4060793686E+002
    1.2589254118E-001    1.4219093021E-001    1.5848931925E-001    8.5560049960E+003    4.1674221201E+002    5.7273637078E+003    2.7890388984E+002    1.3175631823E+004    6.4202858653E+002    6.3834976940E+003    3.1092466059E+002    7.6765677450E+003    3.7382375451E+002    1.1745920208E+004    5.7211523042E+002    9.5974406180E+003    4.6766874766E+002
    1.5848931925E-001    1.7900777537E-001    1.9952623150E-001    6.9256533109E+003    2.6916609560E+002    4.6382527648E+003    1.8035050807E+002    1.0658431162E+004    4.1409019161E+002    5.1671185279E+003    2.0082049407E+002    6.2167977073E+003    2.4172952228E+002    9.5077283403E+003    3.6951865774E+002    7.7638523547E+003    3.0163305091E+002
    1.9952623150E-001    2.2535743732E-001    2.5118864315E-001    5.7856493674E+003    2.5628452484E+002    3.8744373856E+003    1.7097913437E+002    8.9052542983E+003    3.9614752933E+002    4.3165799240E+003    1.9120976134E+002    5.1930316602E+003    2.2916877204E+002    7.9426994088E+003    3.5183448125E+002    6.4867970253E+003    2.8856319300E+002
    2.5118864315E-001    2.8370820458E-001    3.1622776602E-001    5.0196248765E+003    2.0475314649E+002    3.3617678204E+003    1.3732492224E+002    7.7250733195E+003    3.1460519474E+002    3.7450613737E+003    1.5276302890E+002    4.5058843358E+003    1.8406096110E+002    6.8910798092E+003    2.8109078036E+002    5.6271253971E+003    2.2916583547E+002
    3.1622776602E-001    3.5716746829E-001    3.9810717055E-001    3.6548132881E+003    1.8358938769E+002    2.4492905348E+003    1.2370713326E+002    5.6208216659E+003    2.8065476187E+002    2.7267974022E+003    1.3697308890E+002    3.2828620071E+003    1.6580860540E+002    5.0174287274E+003    2.5203658716E+002    4.0943389195E+003    2.0443554035E+002
    3.9810717055E-001    4.4964720209E-001    5.0118723363E-001    3.2664655872E+003    1.9564729802E+002    2.1815241475E+003    1.2757403915E+002    5.0434568238E+003    3.1061420572E+002    2.4370574297E+003    1.4596930184E+002    2.9239662015E+003    1.7099154235E+002    4.4842942669E+003    2.6859001983E+002    3.6737727667E+003    2.2625870505E+002
    5.0118723363E-001    5.6607228905E-001    6.3095734448E-001    2.5752733088E+003    8.7254393405E+001    1.7232303667E+003    5.8283984319E+001    3.9672291544E+003    1.3471987812E+002    1.9213699893E+003    6.5099099328E+001    2.3097004704E+003    7.8119877992E+001    3.5354063975E+003    1.1978524361E+002    2.8898231780E+003    9.8133133021E+001
    6.3095734448E-001    7.1264278960E-001    7.9432823472E-001    2.1808036446E+003    1.2130013490E+002    1.4581584193E+003    8.0334006091E+001    3.3624665911E+003    1.8897537160E+002    1.6270625184E+003    9.0500079392E+001    1.9544161083E+003    1.0767422351E+002    2.9938675365E+003    1.6652417880E+002    2.4492998796E+003    1.3765411265E+002
    7.9432823472E-001    8.9716411736E-001    1.0000000000E+000    1.7193669437E+003    6.5837560051E+001    1.1497054350E+003    4.3552314796E+001    2.6508155366E+003    1.0276772068E+002    1.2827920186E+003    4.9120344479E+001    1.5409867626E+003    5.8374552768E+001    2.3603944760E+003    9.0383622664E+001    1.9309164861E+003    7.4858428793E+001
    1.0000000000E+000    1.1294627059E+000    1.2589254118E+000    1.3312133481E+003    4.7920489862E+001    8.9008762968E+002    3.1899449424E+001    2.0525654197E+003    7.4260501013E+001    9.9319686488E+002    3.5752706628E+001    1.1930127606E+003    4.2755846673E+001    1.8275264887E+003    6.5786573351E+001    1.4951370071E+003    5.4093098404E+001
    1.2589254118E+000    1.4219093021E+000    1.5848931925E+000    1.0044449311E+003    2.8675353612E+001    6.7116463682E+002    1.9047435171E+001    1.5498657089E+003    4.4552810102E+001    7.4940020544E+002    2.1394220053E+001    8.9958331013E+002    2.5529883191E+001    1.3789297716E+003    3.9366318233E+001    1.1289586949E+003    3.2453316476E+001
    1.5848931925E+000    1.7900777537E+000    1.9952623150E+000    7.8949019234E+002    2.1999473472E+001    5.2805471806E+002    1.4669728789E+001    1.2167924391E+003    3.4022958966E+001    5.8902593262E+002    1.6413453270E+001    7.0776853419E+002    1.9662304089E+001    1.0838339633E+003    3.0201485407E+001    8.8634027847E+002    2.4783124840E+001
    1.9952623150E+000    2.2535743732E+000    2.5118864315E+000    6.6952525430E+002    1.9009687247E+001    4.4779406155E+002    1.2691998081E+001    1.0319852407E+003    2.9367751760E+001    4.9952202212E+002    1.4182821862E+001    6.0019262347E+002    1.7011488717E+001    9.1914277963E+002    2.6097024219E+001    7.5172236133E+002    2.1392162242E+001
    2.5118864315E+000    2.8370820458E+000    3.1622776602E+000    4.7451772374E+002    1.3640368805E+001    3.1718693344E+002    9.1354741456E+000    7.3188029413E+002    2.0997203637E+001    3.5403004050E+002    1.0176859744E+001    4.2513573550E+002    1.2244566565E+001    6.5143105025E+002    1.8725875414E+001    5.3311884824E+002    1.5294857791E+001
    3.1622776602E+000    3.5716746829E+000    3.9810717055E+000    3.7191918733E+002    7.8856805438E+000    2.4849967593E+002    5.2617782256E+000    5.7391355344E+002    1.2190771930E+001    2.7748292290E+002    5.8833794032E+000    3.3307201955E+002    7.0525287146E+000    5.1058094290E+002    1.0825680268E+001    4.1805215286E+002    8.8800454699E+000
    3.9810717055E+000    4.4964720209E+000    5.0118723363E+000    2.8009814076E+002    5.9098465898E+000    1.8718382758E+002    3.9524968842E+000    4.3213431816E+002    9.1122841429E+000    2.0897671711E+002    4.4092414738E+000    2.5088843777E+002    5.2976572891E+000    3.8452647157E+002    8.1132007894E+000    3.1477681779E+002    6.6376024414E+000
    5.0118723363E+000    5.6607228905E+000    6.3095734448E+000    2.2554223056E+002    6.1519956135E+000    1.5056731102E+002    4.0732079116E+000    3.4839331182E+002    9.5978103056E+000    1.6827343011E+002    4.5899049650E+000    2.0181015597E+002    5.4594501184E+000    3.0963060973E+002    8.4456296638E+000    2.5377789595E+002    6.9912711366E+000
    6.3095734448E+000    7.1264278960E+000    7.9432823472E+000    1.7470031156E+002    7.0842621926E+000    1.1666011875E+002    4.7501556096E+000    2.6975830283E+002    1.0889304639E+001    1.3034109219E+002    5.2854540631E+000    1.5636326771E+002    6.3667846494E+000    2.3983341768E+002    9.7254709983E+000    1.9649830288E+002    7.9320260349E+000
    7.9432823472E+000    8.9716411736E+000    1.0000000000E+001    1.3314790175E+002    3.3182980656E+000    8.8787763346E+001    2.1711496425E+000    2.0593645139E+002    5.2594890499E+000    9.9339507652E+001    2.4757288080E+000    1.1900506324E+002    2.9100609225E+000    1.8278912069E+002    4.5554513263E+000    1.5000896274E+002    3.8311357296E+000
    1.0000000000E+001    1.1294627059E+001    1.2589254118E+001    9.0422348004E+001    1.8925993129E+000    6.0351390380E+001    1.2639506344E+000    1.3970046988E+002    2.9223020384E+000    6.7462659295E+001    1.4120379026E+000    8.0890888093E+001    1.6941132371E+000    1.2413429927E+002    2.5982126619E+000    1.0176111339E+002    2.1286736498E+000
    1.2589254118E+001    1.4219093021E+001    1.5848931925E+001    7.1348305754E+001    1.6102606722E+000    4.7562193304E+001    1.0706680269E+000    1.1038278627E+002    2.4989808729E+000    5.3231823201E+001    1.2013895846E+000    6.3749120472E+001    1.4350504106E+000    9.7948926722E+001    2.2106103701E+000    8.0405421973E+001    1.8203165401E+000
    1.5848931925E+001    1.7900777537E+001    1.9952623150E+001    5.3676911320E+001    1.0680591343E+000    3.5772939119E+001    7.1089129484E-001    8.3070462374E+001    1.6558295766E+000    4.0047480079E+001    7.9686173911E-001    4.7947608113E+001    9.5283021344E-001    7.3689147878E+001    1.4662611085E+000    6.0510481808E+001    1.2061452725E+000
    1.9952623150E+001    2.2535743732E+001    2.5118864315E+001    4.0679174324E+001    9.9529316902E-001    2.7093503970E+001    6.6096105727E-001    6.2999455868E+001    1.5470480952E+000    3.0350077590E+001    7.4257222293E-001    3.6314285121E+001    8.8590712792E-001    5.5845495179E+001    1.3663659795E+000    4.5890287827E+001    1.1269062787E+000
    2.5118864315E+001    2.8370820458E+001    3.1622776602E+001    2.8526264290E+001    5.6977557368E-001    1.9000437132E+001    3.7904630161E-001    4.4174125261E+001    8.8374716678E-001    2.1282986908E+001    4.2510039000E-001    2.5466890225E+001    5.0804781418E-001    3.9161644290E+001    7.8220366026E-001    3.2177473516E+001    6.4374225604E-001
    3.1622776602E+001    3.5716746829E+001    3.9810717055E+001    2.0655177201E+001    4.9210740069E-001    1.3742464433E+001    3.2668974298E-001    3.2025584871E+001    7.6513316707E-001    1.5410495446E+001    3.6715341552E-001    1.8419462179E+001    4.3787265337E-001    2.8355998319E+001    6.7557864507E-001    2.3328190495E+001    5.5734102428E-001
    3.9810717055E+001    4.4964720209E+001    5.0118723363E+001    1.5058514363E+001    3.7012607427E-001    1.0005988369E+001    2.4600407857E-001    2.3382696765E+001    5.7495760988E-001    1.1234915332E+001    2.7614511010E-001    1.3411344466E+001    3.2972709104E-001    2.0672744843E+001    5.0811930772E-001    1.7032507185E+001    4.1881266818E-001
    5.0118723363E+001    5.6607228905E+001    6.3095734448E+001    1.0117897744E+001    2.3108495439E-001    6.7187517839E+000    1.5323242928E-001    1.5721820128E+001    3.5972131220E-001    7.5488007481E+000    1.7240876720E-001    9.0053567159E+000    2.0538229875E-001    1.3890129754E+001    3.1723981425E-001    1.1452144164E+001    2.6202947830E-001
    6.3095734448E+001    7.1264278960E+001    7.9432823472E+001    7.3612867727E+000    1.6625330088E-001    4.8797283936E+000    1.0941619542E-001    1.1460873856E+001    2.6118161376E-001    5.4921376461E+000    1.2403891341E-001    6.5404551730E+000    1.4665400687E-001    1.0105778001E+001    2.2823712790E-001    8.3483705176E+000    1.9025084051E-001
    7.9432823472E+001    8.9716411736E+001    1.0000000000E+002    4.9556690753E+000    1.6343279291E-001    3.2796561386E+000    1.0816694182E-001    7.7298096345E+000    2.5499752640E-001    3.6973449792E+000    1.2193457778E-001    4.3958274369E+000    1.4497959253E-001    6.8032795171E+000    2.2436505658E-001    5.6305754404E+000    1.8574620559E-001
#nx: 3
