#labels: pth_lower[1] pth_center[2] pth_upper[3] tot_scale01[4] tot_scale01_Err[5] tot_scale02[6] tot_scale02_Err[7] tot_scale03[8] tot_scale03_Err[9] tot_scale04[10] tot_scale04_Err[11] tot_scale05[12] tot_scale05_Err[13] tot_scale06[14] tot_scale06_Err[15] tot_scale07[16] tot_scale07_Err[17]
#neval: 8780564
#overflow:lower center upper 1.89429634046E-03 8.87010836601E-05 3.12754913645E-03 1.43232799211E-04 5.48147287310E-03 2.44662558841E-04 2.27994069127E-03 1.04414758330E-04 2.59853464893E-03 1.21677286898E-04 4.46280816520E-03 2.04383841133E-04 3.84143237087E-03 1.71460243485E-04 
0.00000000000E+00 5.00000000000E+00 1.00000000000E+01 -1.50663651800E-01 2.46807541956E-04 -2.09492997679E-01 3.53844266566E-04 -3.00245109123E-01 5.28764322813E-04 -1.52717539869E-01 2.57947647349E-04 -2.06675540239E-01 3.38562629134E-04 -2.98932812821E-01 5.04912637066E-04 -2.10412658804E-01 3.70559598353E-04 
1.00000000000E+01 1.50000000000E+01 2.00000000000E+01 4.50242441461E-02 1.28778689841E-04 6.16202304434E-02 1.82003215099E-04 8.66234142161E-02 2.67429730334E-04 4.49203080954E-02 1.32677863062E-04 6.17628065663E-02 1.76654454982E-04 8.79280406365E-02 2.59706690124E-04 6.07059443966E-02 1.87415544477E-04 
2.00000000000E+01 2.50000000000E+01 3.00000000000E+01 2.51134507306E-02 9.57223144493E-05 3.44805837066E-02 1.35279017517E-04 4.86518970218E-02 1.98662566743E-04 2.51358755437E-02 9.86165598859E-05 3.44498220706E-02 1.31308784933E-04 4.92015389025E-02 1.93034314607E-04 3.40953930539E-02 1.39223313228E-04 
3.00000000000E+01 3.50000000000E+01 4.00000000000E+01 1.65456565830E-02 7.92020195599E-05 2.27905011090E-02 1.12465833445E-04 3.22774609148E-02 1.66163246259E-04 1.66139646687E-02 8.19860596456E-05 2.26967982792E-02 1.08646777007E-04 3.25205552332E-02 1.60481392266E-04 2.26201398930E-02 1.16447693496E-04 
4.00000000000E+01 4.50000000000E+01 5.00000000000E+01 1.20440089288E-02 6.76000476100E-05 1.66495562496E-02 9.56785264535E-05 2.36775328690E-02 1.40682517708E-04 1.21372995687E-02 6.97483416656E-05 1.65215831573E-02 9.27315659285E-05 2.37578283619E-02 1.36527002602E-04 1.65932849313E-02 9.85907237078E-05 
5.00000000000E+01 5.50000000000E+01 6.00000000000E+01 9.21729469275E-03 6.28359054232E-05 1.28116041366E-02 8.98797200000E-05 1.83405018111E-02 1.33937248872E-04 9.33948479045E-03 6.55210907986E-05 1.26439876998E-02 8.61962692710E-05 1.82813215890E-02 1.28252484869E-04 1.28530778106E-02 9.38636193951E-05 
6.00000000000E+01 6.50000000000E+01 7.00000000000E+01 7.15240392913E-03 5.43568655891E-05 9.97862454719E-03 7.72605966613E-05 1.43452594905E-02 1.14078860897E-04 7.27428128406E-03 5.63219218865E-05 9.81143712104E-03 7.45649957852E-05 1.42388449112E-02 1.10245820794E-04 1.00532001983E-02 7.99468024783E-05 
7.00000000000E+01 7.50000000000E+01 8.00000000000E+01 5.71108596814E-03 5.06117123614E-05 8.00856456821E-03 7.25100238413E-05 1.15839499249E-02 1.08135666714E-04 5.83813441169E-03 5.28588190522E-05 7.83428360930E-03 6.94275153281E-05 1.14276981072E-02 1.03467063933E-04 8.11806630322E-03 7.57817944520E-05 
8.00000000000E+01 8.50000000000E+01 9.00000000000E+01 4.50078503641E-03 4.53560413975E-05 6.33623339153E-03 6.50519169594E-05 9.20664484459E-03 9.70665093270E-05 4.61902777813E-03 4.74219607908E-05 6.17403181050E-03 6.22179553405E-05 9.04139084070E-03 9.28248329601E-05 6.45204388528E-03 6.80244962784E-05 
9.00000000000E+01 9.50000000000E+01 1.00000000000E+02 3.69778024066E-03 4.15163334838E-05 5.23018531740E-03 5.96804352064E-05 7.64159642248E-03 8.92455699733E-05 3.81273380781E-03 4.35062238081E-05 5.07249572005E-03 5.69507678122E-05 7.46313254299E-03 8.51600796414E-05 5.35525333104E-03 6.25435588919E-05 
1.00000000000E+02 1.05000000000E+02 1.10000000000E+02 3.02967217290E-03 3.82222090229E-05 4.30084322409E-03 5.51317467191E-05 6.31039304795E-03 8.27641466137E-05 3.13525608889E-03 4.01902919008E-05 4.15600661206E-03 5.24319940787E-05 6.13702212827E-03 7.86693985248E-05 4.42234207642E-03 5.80013582683E-05 
1.10000000000E+02 1.15000000000E+02 1.20000000000E+02 2.46696615758E-03 3.35153643965E-05 3.51027931515E-03 4.81119146669E-05 5.16366261020E-03 7.17441167654E-05 2.55894577485E-03 3.50729300160E-05 3.38410464159E-03 4.59752963651E-05 5.00893911058E-03 6.86525570827E-05 3.61871000045E-03 5.02784888200E-05 
1.20000000000E+02 1.25000000000E+02 1.30000000000E+02 2.12214667702E-03 3.40307538562E-05 3.04085441043E-03 4.96248895797E-05 4.51139056088E-03 7.54646394661E-05 2.21674141767E-03 3.61758681052E-05 2.91109239489E-03 4.66822910099E-05 4.33910045856E-03 7.08114733771E-05 3.16159582277E-03 5.28858421120E-05 
1.30000000000E+02 1.35000000000E+02 1.40000000000E+02 1.81267370122E-03 3.09723206446E-05 2.60532444168E-03 4.51440137938E-05 3.87895532984E-03 6.85847985297E-05 1.89924600687E-03 3.29093707326E-05 2.48656734390E-03 4.24868309324E-05 3.71762766436E-03 6.44175565524E-05 2.71838334593E-03 4.80644292732E-05 
1.40000000000E+02 1.45000000000E+02 1.50000000000E+02 1.48238090306E-03 2.79065893618E-05 2.13776045493E-03 4.06678807975E-05 3.19505480575E-03 6.17039211627E-05 1.55839823348E-03 2.96463307889E-05 2.03348233181E-03 3.82813595960E-05 3.05044442061E-03 5.80304073784E-05 2.23910383974E-03 4.32422901017E-05 
1.50000000000E+02 1.55000000000E+02 1.60000000000E+02 1.28427501153E-03 2.76942975550E-05 1.86242581549E-03 4.07986166058E-05 2.80237250184E-03 6.27604762185E-05 1.35768303418E-03 2.97416354112E-05 1.76172705662E-03 3.79901445395E-05 2.65755988913E-03 5.82169588289E-05 1.96391092196E-03 4.39827270037E-05 
1.60000000000E+02 1.65000000000E+02 1.70000000000E+02 1.15454496439E-03 2.63160676463E-05 1.67854722206E-03 3.87063398878E-05 2.53310182837E-03 5.93820490479E-05 1.22363804592E-03 2.82163942022E-05 1.58376756037E-03 3.60995331841E-05 2.39517715672E-03 5.52314167301E-05 1.77520523909E-03 4.16151152696E-05 
1.70000000000E+02 1.75000000000E+02 1.80000000000E+02 9.62650592376E-04 2.52047924437E-05 1.40684191300E-03 3.74031885765E-05 2.13631916441E-03 5.79990099561E-05 1.02556857902E-03 2.72664146584E-05 1.32053304737E-03 3.45751216877E-05 2.00747144253E-03 5.33719049963E-05 1.49713877689E-03 4.06458773917E-05 
1.80000000000E+02 1.85000000000E+02 1.90000000000E+02 8.14816856507E-04 2.17834417247E-05 1.19216002814E-03 3.21214633991E-05 1.81239140109E-03 4.94100643498E-05 8.69068411100E-04 2.34161089951E-05 1.11773949456E-03 2.98818230737E-05 1.70113442687E-03 4.58352284430E-05 1.27012924411E-03 3.46267189557E-05 
1.90000000000E+02 1.95000000000E+02 2.00000000000E+02 7.11625989306E-04 2.11037135785E-05 1.04620364436E-03 3.13205379777E-05 1.59959389380E-03 4.85504920289E-05 7.62668196757E-04 2.28322452798E-05 9.76185589755E-04 2.89493939166E-05 1.49286420863E-03 4.46923602241E-05 1.12100012279E-03 3.40243281356E-05 
2.00000000000E+02 2.05000000000E+02 2.10000000000E+02 6.26316051224E-04 2.01560476338E-05 9.23098554798E-04 2.99619741963E-05 1.41557193782E-03 4.65191339459E-05 6.72926264404E-04 2.18418708007E-05 8.59160167040E-04 2.76494163259E-05 1.31720129337E-03 4.27537785194E-05 9.92036992830E-04 3.26007463950E-05 
2.10000000000E+02 2.15000000000E+02 2.20000000000E+02 5.62031124160E-04 1.95200559000E-05 8.31260775475E-04 2.91967798815E-05 1.28019620971E-03 4.56740124623E-05 6.05977775048E-04 2.12840545749E-05 7.70976176597E-04 2.67769833692E-05 1.18615478586E-03 4.16618962539E-05 8.97165282925E-04 3.20084827640E-05 
2.20000000000E+02 2.25000000000E+02 2.30000000000E+02 4.80740760234E-04 1.85359424976E-05 7.13288782538E-04 2.77815597819E-05 1.10253937059E-03 4.35551092793E-05 5.19977800183E-04 2.02523784122E-05 6.59464676111E-04 2.54270083312E-05 1.01781646395E-03 3.96424696871E-05 7.72662845626E-04 3.05235491587E-05 
2.30000000000E+02 2.35000000000E+02 2.40000000000E+02 3.90962446446E-04 1.55292746927E-05 5.82059572206E-04 2.32195684186E-05 9.03068548338E-04 3.62847908543E-05 4.24313494535E-04 1.69267488891E-05 5.36309679653E-04 2.13025583693E-05 8.30560959439E-04 3.31328062355E-05 6.32873104552E-04 2.54284885441E-05 
2.40000000000E+02 2.45000000000E+02 2.50000000000E+02 3.72408707918E-04 1.58281119748E-05 5.55638919584E-04 2.37254342630E-05 8.64462073199E-04 3.71891108808E-05 4.05053198890E-04 1.72955181949E-05 5.10858259305E-04 2.17124937190E-05 7.92860415302E-04 3.38546437265E-05 6.05817572803E-04 2.60622386883E-05 
2.50000000000E+02 2.55000000000E+02 2.60000000000E+02 3.27182272662E-04 1.58811423833E-05 4.90845704943E-04 2.39796063262E-05 7.68510151267E-04 3.78971953233E-05 3.57819828565E-04 1.74808061642E-05 4.48818093487E-04 2.17852391236E-05 7.00404733639E-04 3.42173306450E-05 5.38574182667E-04 2.65584663557E-05 
2.60000000000E+02 2.65000000000E+02 2.70000000000E+02 3.04559767145E-04 1.55537784971E-05 4.57528686465E-04 2.35313772304E-05 7.17630665816E-04 3.72852927855E-05 3.33532176210E-04 1.71540532630E-05 4.17785269756E-04 2.13361718983E-05 6.52863526251E-04 3.35777370266E-05 5.02917689065E-04 2.61296432511E-05 
2.70000000000E+02 2.75000000000E+02 2.80000000000E+02 2.36342336774E-04 1.31404721246E-05 3.55491330747E-04 1.97506391793E-05 5.58143468133E-04 3.10263324206E-05 2.59148334687E-04 1.43979467561E-05 3.24206798059E-04 1.80256760201E-05 5.07262889979E-04 2.81828709802E-05 3.91148590120E-04 2.17433453507E-05 
2.80000000000E+02 2.85000000000E+02 2.90000000000E+02 2.25914358520E-04 1.43034515817E-05 3.42737670500E-04 2.17852083817E-05 5.43832053570E-04 3.47755906892E-05 2.49851090199E-04 1.58811199731E-05 3.09902033683E-04 1.96210137456E-05 4.89064250530E-04 3.10860682293E-05 3.81119108548E-04 2.43708366131E-05 
2.90000000000E+02 2.95000000000E+02 3.00000000000E+02 2.13835346951E-04 1.34307670289E-05 3.23710197861E-04 2.03009228320E-05 5.12296854998E-04 3.21328194925E-05 2.35980322001E-04 1.47990960382E-05 2.93332435028E-04 1.84238932108E-05 4.61913290933E-04 2.89680897798E-05 3.59019148293E-04 2.25187747570E-05 
3.00000000000E+02 3.05000000000E+02 3.10000000000E+02 1.86989778112E-04 1.23596380617E-05 2.83127002360E-04 1.86144589643E-05 4.48123527903E-04 2.93157855283E-05 2.06395725635E-04 1.35696868657E-05 2.56506549180E-04 1.69545530263E-05 4.04003723934E-04 2.65616160873E-05 3.14046291223E-04 2.05445890390E-05 
3.10000000000E+02 3.15000000000E+02 3.20000000000E+02 1.89252731183E-04 1.49791157216E-05 2.88331774411E-04 2.28678630800E-05 4.59780030267E-04 3.65898374030E-05 2.10189933518E-04 1.66703604910E-05 2.59610795252E-04 2.05478680299E-05 4.11430593406E-04 3.26309457089E-05 3.22215202492E-04 2.56422660660E-05 
3.20000000000E+02 3.25000000000E+02 3.30000000000E+02 1.28627608172E-04 1.06459387876E-05 1.95979019907E-04 1.61701704732E-05 3.12440938258E-04 2.57251564910E-05 1.42866034278E-04 1.17878338720E-05 1.76447206015E-04 1.46037556103E-05 2.79649249971E-04 2.30737761973E-05 2.18959531864E-04 1.80282656100E-05 
3.30000000000E+02 3.35000000000E+02 3.40000000000E+02 1.33964528983E-04 1.09554818082E-05 2.05063903457E-04 1.67458613963E-05 3.28804361847E-04 2.68406865343E-05 1.49488790550E-04 1.22075047079E-05 1.83768221926E-04 1.50283767467E-05 2.92612784901E-04 2.38952495104E-05 2.30427067418E-04 1.88100323576E-05 
3.40000000000E+02 3.45000000000E+02 3.50000000000E+02 1.26047806292E-04 1.03126452576E-05 1.93752360107E-04 1.58242028863E-05 3.12182215779E-04 2.54744673252E-05 1.41242829629E-04 1.15356282167E-05 1.72908316969E-04 1.41465542911E-05 2.76471951990E-04 2.25801030671E-05 2.18778218386E-04 1.78525819026E-05 
3.50000000000E+02 3.55000000000E+02 3.60000000000E+02 1.21458527930E-04 1.09316757716E-05 1.86982086165E-04 1.67977264998E-05 3.01826066786E-04 2.70880859705E-05 1.36307392205E-04 1.22453136615E-05 1.66612892873E-04 1.49957203932E-05 2.66811213661E-04 2.39692576226E-05 2.11520598600E-04 1.89834106126E-05 
3.60000000000E+02 3.65000000000E+02 3.70000000000E+02 8.95048966376E-05 9.90956002963E-06 1.38085911160E-04 1.52707574466E-05 2.23406412297E-04 2.46960921404E-05 1.00662747093E-04 1.11321740346E-05 1.22779931625E-04 1.35936149706E-05 1.97039568344E-04 2.17903726041E-05 1.56563873238E-04 1.73070942753E-05 
3.70000000000E+02 3.75000000000E+02 3.80000000000E+02 1.04880714271E-04 1.22153940674E-05 1.61707812062E-04 1.87751132616E-05 2.61486875370E-04 3.02714209550E-05 1.17882790879E-04 1.36868016585E-05 1.43871982549E-04 1.67566837652E-05 2.30746476731E-04 2.67908592671E-05 1.83250774174E-04 2.12143011671E-05 
3.80000000000E+02 3.85000000000E+02 3.90000000000E+02 8.17991033367E-05 9.01841167921E-06 1.26730426859E-04 1.39679591028E-05 2.06050828122E-04 2.27210424438E-05 9.23847538133E-05 1.01824517995E-05 1.12209372805E-04 1.23711663936E-05 1.80836034567E-04 1.99313645336E-05 1.44401028613E-04 1.59229736176E-05 
3.90000000000E+02 3.95000000000E+02 4.00000000000E+02 6.94468861184E-05 7.64680221630E-06 1.07629173847E-04 1.18014687108E-05 1.75109308752E-04 1.91206320150E-05 7.84602007242E-05 8.60310983341E-06 9.52649994529E-05 1.04896367521E-05 1.53579795199E-04 1.68399243706E-05 1.22717120497E-04 1.33997953606E-05 
4.00000000000E+02 4.05000000000E+02 4.10000000000E+02 6.43395353723E-05 7.69110508833E-06 1.00012564732E-04 1.19384790490E-05 1.63257756373E-04 1.94717069887E-05 7.29077964963E-05 8.70298850245E-06 8.82589003585E-05 1.05504100039E-05 1.42711391902E-04 1.70354291668E-05 1.14411517606E-04 1.36458297384E-05 
4.10000000000E+02 4.15000000000E+02 4.20000000000E+02 5.00406305798E-05 7.68953278860E-06 7.79740588506E-05 1.18571220134E-05 1.27704180350E-04 1.92002142870E-05 5.68420260978E-05 8.64368033260E-06 6.86441237512E-05 1.05482531739E-05 1.11263884698E-04 1.69193379955E-05 8.94954665759E-05 1.34555668514E-05 
4.20000000000E+02 4.25000000000E+02 4.30000000000E+02 4.49604044229E-05 6.03543398421E-06 7.05690004573E-05 9.38471234831E-06 1.16525542815E-04 1.53416648884E-05 5.14438394615E-05 6.84132738630E-06 6.16752332923E-05 8.27921376104E-06 1.00697350451E-04 1.33913710286E-05 8.16614443912E-05 1.07514840426E-05 
4.30000000000E+02 4.35000000000E+02 4.40000000000E+02 4.58067904954E-05 6.55060901549E-06 7.19899065761E-05 1.02473697809E-05 1.18998128799E-04 1.68582225843E-05 5.24796606552E-05 7.47019289622E-06 6.28362784196E-05 8.98591426012E-06 1.02724890595E-04 1.46223267914E-05 8.33942399463E-05 1.18142921529E-05 
4.40000000000E+02 4.45000000000E+02 4.50000000000E+02 4.09122560160E-05 6.27477680219E-06 6.42532390889E-05 9.74274700855E-06 1.06158465829E-04 1.58898754820E-05 4.68397355103E-05 7.10232977351E-06 5.61221138177E-05 8.60753652248E-06 9.16851718509E-05 1.39022630832E-05 7.43961662343E-05 1.11356716450E-05 
4.50000000000E+02 4.55000000000E+02 4.60000000000E+02 4.50412800797E-05 8.02042707881E-06 7.07082918071E-05 1.23969303491E-05 1.16786861931E-04 2.01172406105E-05 5.15453809573E-05 9.03719325152E-06 6.17861759104E-05 1.10021632933E-05 1.00896110104E-04 1.76896092025E-05 8.18445775995E-05 1.40982216063E-05 
4.60000000000E+02 4.65000000000E+02 4.70000000000E+02 3.97264298581E-05 7.64271172906E-06 6.24778335064E-05 1.18596935487E-05 1.03438069503E-04 1.93357591225E-05 4.55454890394E-05 8.64555494680E-06 5.44954357241E-05 1.04840255536E-05 8.91517841441E-05 1.69230074083E-05 7.24897044585E-05 1.35505570727E-05 
4.70000000000E+02 4.75000000000E+02 4.80000000000E+02 3.39101013610E-05 6.29363942903E-06 5.37077673071E-05 9.82566213252E-06 8.96304589189E-05 1.61335489188E-05 3.91522303181E-05 7.16277376853E-06 4.65167838072E-05 8.63341166572E-06 7.66374729906E-05 1.40205775449E-05 6.28132902013E-05 1.13064387090E-05 
4.80000000000E+02 4.85000000000E+02 4.90000000000E+02 2.77270334530E-05 5.10212359288E-06 4.40825297903E-05 8.02572313551E-06 7.38360433728E-05 1.32818236989E-05 3.21355633625E-05 5.85064277338E-06 3.80350505893E-05 6.99892865568E-06 6.29028882705E-05 1.14521822612E-05 5.17445171613E-05 9.30794125627E-06 
4.90000000000E+02 4.95000000000E+02 5.00000000000E+02 3.33319159230E-05 5.86056040367E-06 5.30682203865E-05 9.23901879496E-06 8.91119338617E-05 1.53421558664E-05 3.86860093301E-05 6.73511877169E-06 4.57236476637E-05 8.03932782113E-06 7.57248813427E-05 1.31834758521E-05 6.24499063111E-05 1.07518281215E-05 
5.00000000000E+02 5.05000000000E+02 5.10000000000E+02 2.84044100292E-05 6.62888610232E-06 4.50317503145E-05 1.03717346039E-05 7.52562187994E-05 1.70713030074E-05 3.28275321864E-05 7.56085315705E-06 3.89642539383E-05 9.09329224424E-06 6.42573639067E-05 1.47997872638E-05 5.27397802919E-05 1.19636195424E-05 
5.10000000000E+02 5.15000000000E+02 5.20000000000E+02 1.73451732275E-05 4.04950409965E-06 2.75346641193E-05 6.33091163994E-06 4.60735871660E-05 1.04103437837E-05 2.00723948392E-05 4.61514829374E-06 2.37935494362E-05 5.55497917037E-06 3.92901657164E-05 9.03379704904E-06 3.22885058960E-05 7.29559965508E-06 
5.20000000000E+02 5.25000000000E+02 5.30000000000E+02 1.39277735577E-05 3.01751634816E-06 2.23617843714E-05 4.76037178756E-06 3.79028702068E-05 7.91078410569E-06 1.63014360107E-05 3.47024614826E-06 1.91056707441E-05 4.13933164357E-06 3.19088044752E-05 6.79273934846E-06 2.65624433309E-05 5.54390085393E-06 
5.30000000000E+02 5.35000000000E+02 5.40000000000E+02 1.44243741037E-05 2.88663641032E-06 2.31982126321E-05 4.57583215365E-06 3.94084737223E-05 7.64860854293E-06 1.69111808119E-05 3.33571927037E-06 1.97868913630E-05 3.95979476426E-06 3.31023329243E-05 6.52941335419E-06 2.76175747190E-05 5.36016744575E-06 
5.40000000000E+02 5.45000000000E+02 5.50000000000E+02 2.39902220979E-05 4.75943131227E-06 3.81732325457E-05 7.49820765940E-06 6.40486286337E-05 1.24406149610E-05 2.78277662159E-05 5.46609118141E-06 3.29090132444E-05 6.52883443301E-06 5.44707074016E-05 1.06994521610E-05 4.48854680195E-05 8.71841968971E-06 
5.50000000000E+02 5.55000000000E+02 5.60000000000E+02 2.19066968363E-05 4.17950250100E-06 3.50183305013E-05 6.60529853760E-06 5.90812848440E-05 1.10003394169E-05 2.55278856275E-05 4.81517260214E-06 3.00509004620E-05 5.73330678625E-06 4.99688684251E-05 9.42532921488E-06 4.14043388278E-05 7.70907033662E-06 
5.60000000000E+02 5.65000000000E+02 5.70000000000E+02 1.68626476519E-05 3.49502669885E-06 2.71359816220E-05 5.53947166718E-06 4.61399853246E-05 9.25833959692E-06 1.97817607331E-05 4.03819934111E-06 2.31316364081E-05 4.79436494803E-06 3.87212718552E-05 7.90446394561E-06 3.23350379216E-05 6.48827172054E-06 
5.70000000000E+02 5.75000000000E+02 5.80000000000E+02 1.55715241155E-05 3.23523061105E-06 2.50277260562E-05 5.14487699415E-06 4.24863168509E-05 8.62962223470E-06 1.82448711615E-05 3.75054520298E-06 2.13605147652E-05 4.43798505050E-06 3.57129289827E-05 7.34140314248E-06 2.97745362699E-05 6.04766473682E-06 
5.80000000000E+02 5.85000000000E+02 5.90000000000E+02 1.83568987275E-05 3.79379507236E-06 2.95680506191E-05 6.03510664864E-06 5.03286732684E-05 1.01303349046E-05 2.15547058821E-05 4.39951048705E-06 2.51814018598E-05 5.20420577068E-06 4.21916753263E-05 8.61170266378E-06 3.52704827982E-05 7.09936860595E-06 
5.90000000000E+02 5.95000000000E+02 6.00000000000E+02 5.62482944358E-06 1.25864848748E-06 9.24583456374E-06 2.02942679895E-06 1.61052060369E-05 3.45930552971E-06 6.74008737413E-06 1.47942447488E-06 7.71595968980E-06 1.72657341711E-06 1.31932015085E-05 2.89585937546E-06 1.12865759333E-05 2.42429152716E-06 
#nx: 3
