#labels: ptj1_lower[1]   ptj1_center[2]   ptj1_upper[3]   tot_scale01[4]   tot_scale01_Err[5]   tot_scale02[6]   tot_scale02_Err[7]   tot_scale03[8]   tot_scale03_Err[9]   tot_scale04[10]  tot_scale04_Err[11]  tot_scale05[12]  tot_scale05_Err[13]  tot_scale06[14]  tot_scale06_Err[15]  tot_scale07[16]  tot_scale07_Err[17] 
#neval: 3629958
#overflow:lower center upper    3.5706601742E+002    4.0731230833E+000    2.3376996226E+002    2.6710303996E+000    5.6378054265E+002    6.4238767974E+000    2.6640121177E+002    3.0388916115E+000    3.1332931582E+002    3.5800670007E+000    4.9019010061E+002    5.5916959794E+000    4.1067102909E+002    4.6793031961E+000
    1.0000000000E-002    1.1294627059E-002    1.2589254118E-002    7.1388725454E+003    1.1219647656E+003    4.7973022498E+003    7.5724527197E+002    1.0945264241E+004    1.7121483419E+003    5.3261979689E+003    8.3707986344E+002    6.4299767908E+003    1.0149599233E+003    9.8004416004E+003    1.5402642494E+003    7.9727883269E+003    1.2471691879E+003
    1.2589254118E-002    1.4219093021E-002    1.5848931925E-002    1.6070263980E+004    1.5991922366E+003    1.0747704584E+004    1.0596917551E+003    2.4770193896E+004    2.4903899570E+003    1.1989765446E+004    1.1931316028E+003    1.4405490300E+004    1.4203385644E+003    2.2061702690E+004    2.1954153157E+003    1.8043192783E+004    1.8140587145E+003
    1.5848931925E-002    1.7900777537E-002    1.9952623150E-002    1.9726465978E+004    1.1003780554E+003    1.3218831603E+004    7.3597688477E+002    3.0340203524E+004    1.6962585101E+003    1.4717598943E+004    8.2097436627E+002    1.7717620442E+004    9.8645322750E+002    2.7081037877E+004    1.5106294169E+003    2.2100519016E+004    1.2355946601E+003
    1.9952623150E-002    2.2535743732E-002    2.5118864315E-002    2.4904551740E+004    4.8297082184E+003    1.6628006012E+004    3.1765840327E+003    3.8459523826E+004    7.5829243284E+003    1.8580885434E+004    3.6033676101E+003    2.2287045336E+004    4.2576766150E+003    3.4189657170E+004    6.6303569703E+003    2.8014823204E+004    5.5235807231E+003
    2.5118864315E-002    2.8370820458E-002    3.1622776602E-002    2.1569016326E+004    9.3811869223E+002    1.4452138439E+004    6.2485682357E+002    3.3177174971E+004    1.4528507315E+003    1.6092296117E+004    6.9991526552E+002    1.9370660822E+004    8.3751547514E+002    2.9610541935E+004    1.2878752771E+003    2.4167035853E+004    1.0582906998E+003
    3.1622776602E-002    3.5716746829E-002    3.9810717055E-002    1.9632728390E+004    7.3809879683E+002    1.3148827845E+004    4.9360024947E+002    3.0214241110E+004    1.1382623447E+003    1.4647662836E+004    5.5068363911E+002    1.7623792179E+004    6.6158811406E+002    2.6952352325E+004    1.0132824347E+003    2.2008765027E+004    8.2913710763E+002
    3.9810717055E-002    4.4964720209E-002    5.0118723363E-002    1.8023974776E+004    6.5243156484E+002    1.2068881959E+004    4.3533361707E+002    2.7745388287E+004    1.0087312809E+003    1.3447397643E+004    4.8676869539E+002    1.6176306359E+004    5.8349149340E+002    2.4743810886E+004    8.9567609014E+002    2.0210394468E+004    7.3478362917E+002
    5.0118723363E-002    5.6607228905E-002    6.3095734448E-002    1.5984813407E+004    4.4455069951E+002    1.0710370268E+004    2.9703195748E+002    2.4588149000E+004    6.8625964519E+002    1.1926012148E+004    3.3167212578E+002    1.4355449930E+004    3.9812138016E+002    2.1944393780E+004    6.1029149088E+002    1.7910586992E+004    4.9988769280E+002
    6.3095734448E-002    7.1264278960E-002    7.9432823472E-002    1.4083990037E+004    3.8422319970E+002    9.4394286305E+003    2.5736702859E+002    2.1656667408E+004    5.9125593938E+002    1.0507838409E+004    2.8666274861E+002    1.2651966429E+004    3.4495721436E+002    1.9334890906E+004    5.2747223125E+002    1.5775226739E+004    4.3068475535E+002
    7.9432823472E-002    8.9716411736E-002    1.0000000000E-001    1.2222195103E+004    3.2574843632E+002    8.1887236956E+003    2.1832993588E+002    1.8801462803E+004    5.0097175835E+002    9.1187831578E+003    2.4303566828E+002    1.0975606824E+004    2.9263455737E+002    1.6778967347E+004    4.4719645942E+002    1.3695428440E+004    3.6491963092E+002
    1.0000000000E-001    1.1294627059E-001    1.2589254118E-001    1.0270372970E+004    2.8522466379E+002    6.8776422334E+003    1.9070137731E+002    1.5807735412E+004    4.3984947617E+002    7.6625600615E+003    2.1280153348E+002    9.2183226392E+003    2.5560312155E+002    1.4099451960E+004    3.9156430413E+002    1.1514726881E+004    3.2039672063E+002
    1.2589254118E-001    1.4219093021E-001    1.5848931925E-001    8.3315213702E+003    2.0320631695E+002    5.5805953485E+003    1.3602836115E+002    1.2820073265E+004    3.1294149070E+002    6.2160140719E+003    1.5160896426E+002    7.4798494448E+003    1.8232313904E+002    1.1437742881E+004    2.7896725001E+002    9.3384433879E+003    2.2795395425E+002
    1.5848931925E-001    1.7900777537E-001    1.9952623150E-001    7.2010046037E+003    1.7063715651E+002    4.8223600198E+003    1.1414933990E+002    1.1083410113E+004    2.6301004620E+002    5.3725536981E+003    1.2730963757E+002    6.4635625169E+003    1.5299799096E+002    9.8857382078E+003    2.3425540610E+002    8.0734170351E+003    1.9158271378E+002
    1.9952623150E-001    2.2535743732E-001    2.5118864315E-001    5.9207076864E+003    1.5920837862E+002    3.9631076693E+003    1.0621050119E+002    9.1176887740E+003    2.4613619594E+002    4.4173447632E+003    1.1878281023E+002    5.3118792617E+003    1.4235731293E+002    8.1281112030E+003    2.1856566384E+002    6.6415393020E+003    1.7929140372E+002
    2.5118864315E-001    2.8370820458E-001    3.1622776602E-001    4.6867192245E+003    9.5211997885E+001    3.1377001109E+003    6.3532882140E+001    7.2159756633E+003    1.4720737456E+002    3.4966858220E+003    7.1036140024E+001    4.2055592579E+003    8.5155142691E+001    6.4340577263E+003    1.3070966304E+002    5.2562866707E+003    1.0722931962E+002
    3.1622776602E-001    3.5716746829E-001    3.9810717055E-001    3.8196800325E+003    7.3572960838E+001    2.5572863428E+003    4.9192647875E+001    5.8806277619E+003    1.1344802753E+002    2.8498018281E+003    5.4891602572E+001    3.4276122236E+003    6.5934470592E+001    5.2437623522E+003    1.0100299473E+002    4.2835878005E+003    8.2638215916E+001
    3.9810717055E-001    4.4964720209E-001    5.0118723363E-001    3.2584775151E+003    7.8080129960E+001    2.1801962887E+003    5.1995922321E+001    5.0202311303E+003    1.2096923154E+002    2.4310976575E+003    5.8254328951E+001    2.9221864302E+003    6.9691788496E+001    4.4733280206E+003    1.0719056111E+002    3.6568546244E+003    8.8116838104E+001
    5.0118723363E-001    5.6607228905E-001    6.3095734448E-001    2.5988968465E+003    5.9208509574E+001    1.7392618727E+003    3.9652319533E+001    4.0030688950E+003    9.1135872010E+001    1.9389951308E+003    4.4174516554E+001    2.3311880079E+003    5.3147265072E+001    3.5678374431E+003    8.1283078894E+001    2.9159296894E+003    6.6385516196E+001
    6.3095734448E-001    7.1264278960E-001    7.9432823472E-001    2.0533565952E+003    4.1215491843E+001    1.3736944329E+003    2.7465780702E+001    3.1640570264E+003    6.3814840392E+001    1.5319763250E+003    3.0750215464E+001    1.8412063408E+003    3.6813259466E+001    2.8189047035E+003    5.6581766697E+001    2.3047736785E+003    4.6484233123E+001
    7.9432823472E-001    8.9716411736E-001    1.0000000000E+000    1.6308097514E+003    3.4593513053E+001    1.0916712502E+003    2.3233521731E+001    2.5111974725E+003    5.3076659279E+001    1.2167209220E+003    2.5809663611E+001    1.4632016989E+003    3.1140628154E+001    2.2388207141E+003    4.7490931135E+001    1.8292153990E+003    3.8662289025E+001
    1.0000000000E+000    1.1294627059E+000    1.2589254118E+000    1.3127699435E+003    2.5946886078E+001    8.7851172870E+002    1.7364768624E+001    2.0221356629E+003    3.9970396606E+001    9.7943653736E+002    1.9358554317E+001    1.1774972124E+003    2.3274551700E+001    1.8022068729E+003    3.5620602568E+001    1.4729712553E+003    2.9115378530E+001
    1.2589254118E+000    1.4219093021E+000    1.5848931925E+000    1.0548848981E+003    3.5877358388E+001    7.0586412799E+002    2.3999014486E+001    1.6250961011E+003    5.5288480691E+001    7.8703265340E+002    2.6767519963E+001    9.4609214181E+002    3.2166642440E+001    1.4481751528E+003    4.9253429505E+001    1.1837582849E+003    4.0273431849E+001
    1.5848931925E+000    1.7900777537E+000    1.9952623150E+000    7.9845722527E+002    1.3945554627E+001    5.3392081643E+002    9.2996190644E+000    1.2310045947E+003    2.1574212191E+001    5.9571609164E+002    1.0404553976E+001    7.1563105241E+002    1.2464575220E+001    1.0961441540E+003    1.9144842948E+001    8.9669274738E+002    1.5715164416E+001
    1.9952623150E+000    2.2535743732E+000    2.5118864315E+000    6.2619866123E+002    1.2342978401E+001    4.1871234101E+002    8.2155160633E+000    9.6549942854E+002    1.9140179195E+001    4.6719674800E+002    9.2088976336E+000    5.6121346843E+002    1.1011517486E+001    8.5966283480E+002    1.6944781998E+001    7.0329252946E+002    1.3942157439E+001
    2.5118864315E+000    2.8370820458E+000    3.1622776602E+000    4.7639408709E+002    9.2084402282E+000    3.1847277229E+002    6.1446185421E+000    7.3468149802E+002    1.4229524278E+001    3.5542996501E+002    6.8702691256E+000    4.2685918620E+002    8.2358276708E+000    6.5400697374E+002    1.2641601333E+001    5.3515931115E+002    1.0365120710E+001
    3.1622776602E+000    3.5716746829E+000    3.9810717055E+000    3.7628731667E+002    7.0703637141E+000    2.5151861555E+002    4.7209668118E+000    5.8038808218E+002    1.0918760947E+001    2.8074191394E+002    5.2750846319E+000    3.3711840035E+002    6.3276619753E+000    5.1657763163E+002    9.7063907828E+000    4.2276835213E+002    7.9534827033E+000
    3.9810717055E+000    4.4964720209E+000    5.0118723363E+000    2.9043481874E+002    4.8181655054E+000    1.9408081743E+002    3.2035462104E+000    4.4809923260E+002    7.4765039558E+000    2.1668874627E+002    3.5947557777E+000    2.6013269263E+002    4.2938148795E+000    3.9871694888E+002    6.6145108148E+000    3.2640603757E+002    5.4460616166E+000
    5.0118723363E+000    5.6607228905E+000    6.3095734448E+000    2.2034834322E+002    3.3242505030E+000    1.4722873529E+002    2.2134362359E+000    3.4001412812E+002    5.1500513700E+000    1.6439835431E+002    2.4801698258E+000    1.9733535674E+002    2.9667389886E+000    3.0250029759E+002    4.5636229969E+000    2.4767430115E+002    3.7514187454E+000
    6.3095734448E+000    7.1264278960E+000    7.9432823472E+000    1.6694845286E+002    2.5813760099E+000    1.1139433724E+002    1.6904540442E+000    2.5803712368E+002    4.0856650955E+000    1.2455755511E+002    1.9259231165E+000    1.4930537326E+002    2.2657693229E+000    2.2919145175E+002    3.5437843544E+000    1.8796031986E+002    2.9760947077E+000
    7.9432823472E+000    8.9716411736E+000    1.0000000000E+001    1.3035347139E+002    2.1234868274E+000    8.7009199192E+001    1.4132643333E+000    2.0137723121E+002    3.2919141146E+000    9.7254628111E+001    1.5842993631E+000    1.1662119714E+002    1.8942431369E+000    1.7895284943E+002    2.9151814251E+000    1.4668791936E+002    2.3979077936E+000
    1.0000000000E+001    1.1294627059E+001    1.2589254118E+001    9.4986286666E+001    1.2864418449E+000    6.3391423275E+001    8.5936915421E-001    1.4677045451E+002    1.9860599177E+000    7.0867740514E+001    9.5979356650E-001    8.4965540875E+001    1.1518398109E+000    1.3039980044E+002    1.7660629312E+000    1.0691105676E+002    1.4466928326E+000
    1.2589254118E+001    1.4219093021E+001    1.5848931925E+001    7.1191809862E+001    1.0579027655E+000    4.7485472618E+001    7.0263898054E-001    1.1007238590E+002    1.6453588627E+000    5.3115064133E+001    7.8928423569E-001    6.3646289296E+001    9.4176937411E-001    9.7734084836E+001    1.4523181645E+000    8.0179319028E+001    1.1985181577E+000
    1.5848931925E+001    1.7900777537E+001    1.9952623150E+001    5.3923630536E+001    9.8359230871E-001    3.5944953608E+001    6.5208441431E-001    8.3430720648E+001    1.5313760472E+000    4.0231553317E+001    7.3384239928E-001    4.8178164604E+001    8.7400948102E-001    7.4027850839E+001    1.3503027150E+000    6.0772902422E+001    1.1154903897E+000
    1.9952623150E+001    2.2535743732E+001    2.5118864315E+001    3.9618696085E+001    6.1562158252E-001    2.6382285980E+001    4.0729750772E-001    6.1368874998E+001    9.6087275189E-001    2.9558871835E+001    4.5930535972E-001    3.5361017028E+001    5.4591380431E-001    5.4389641333E+001    8.4514232872E-001    4.4702534307E+001    6.9992234920E-001
    2.5118864315E+001    2.8370820458E+001    3.1622776602E+001    2.8097133968E+001    4.4451912277E-001    1.8707053274E+001    2.9589363306E-001    4.3529519640E+001    6.8894177663E-001    2.0962819678E+001    3.3164856688E-001    2.5073658509E+001    3.9659564773E-001    3.8572522320E+001    6.1024814146E-001    3.1707927596E+001    5.0184142053E-001
    3.1622776602E+001    3.5716746829E+001    3.9810717055E+001    2.0537401432E+001    2.8664497887E-001    1.3660773698E+001    1.9043350801E-001    3.1851974781E+001    4.4529084316E-001    1.5322624840E+001    2.1386120771E-001    1.8309969489E+001    2.5524408782E-001    2.8194312488E+001    3.9351415193E-001    2.3201728815E+001    3.2436034054E-001
    3.9810717055E+001    4.4964720209E+001    5.0118723363E+001    1.4393276673E+001    2.0789321074E-001    9.5668147859E+000    1.3810222167E-001    2.2341063859E+001    3.2294351955E-001    1.0738592193E+001    1.5510578032E-001    1.2822706144E+001    1.8510280026E-001    1.9759488152E+001    2.8540154737E-001    1.6273757237E+001    2.3523966771E-001
    5.0118723363E+001    5.6607228905E+001    6.3095734448E+001    1.0251874229E+001    1.6155147626E-001    6.8018064601E+000    1.0694711008E-001    1.5945567022E+001    2.5197087223E-001    7.6487584488E+000    1.2053095769E-001    9.1166775402E+000    1.4334461326E-001    1.4074056378E+001    2.2178233306E-001    1.1615126672E+001    1.8354151938E-001
    6.3095734448E+001    7.1264278960E+001    7.9432823472E+001    7.0634479019E+000    1.0243838110E-001    4.6823685660E+000    6.8003532719E-002    1.0996831187E+001    1.5927545630E-001    5.2699248556E+000    7.6427628296E-002    6.2759275188E+000    9.1147297859E-002    9.6968965645E+000    1.4063024171E-001    8.0103509054E+000    1.1601999466E-001
    7.9432823472E+001    8.9716411736E+001    1.0000000000E+002    5.0384595131E+000    9.4047941681E-002    3.3334411103E+000    6.2039871224E-002    7.8615513272E+000    1.4731730910E-001    3.7591135931E+000    7.0167656415E-002    4.4679171453E+000    8.3154012672E-002    6.9169365190E+000    1.2911161450E-001    5.7265391930E+000    1.0730939852E-001
#nx: 3
