#labels: pt_diff_lower[1]   pt_diff_center[2]   pt_diff_upper[3]   tot_scale01[4]   tot_scale01_Err[5]   tot_scale02[6]   tot_scale02_Err[7]   tot_scale03[8]   tot_scale03_Err[9]   tot_scale04[10]  tot_scale04_Err[11]  tot_scale05[12]  tot_scale05_Err[13]  tot_scale06[14]  tot_scale06_Err[15]  tot_scale07[16]  tot_scale07_Err[17] 
#neval: 3629958
#overflow:lower center upper   -6.0511408462E+001    2.6715527842E+000   -4.0531573250E+001    1.7891523642E+000   -9.3111991473E+001    4.1117481679E+000   -4.5146588455E+001    1.9932025572E+000   -5.4325756794E+001    2.3980578205E+000   -8.3071734509E+001    3.6675815231E+000   -6.7824968168E+001    2.9950942321E+000
    1.0000000000E-002    1.1294627059E-002    1.2589254118E-002   -3.1564976867E+003    7.9039028576E+002   -2.1046573557E+003    5.3125518879E+002   -4.8812448723E+003    1.2115834890E+003   -2.3550121480E+003    5.8969747783E+002   -2.8209391957E+003    7.1205822690E+002   -4.3333272927E+003    1.0850696364E+003   -3.5556137597E+003    8.8254595651E+002
    1.2589254118E-002    1.4219093021E-002    1.5848931925E-002    2.7855114536E+003    9.3278864076E+002    1.8643297966E+003    6.2367788154E+002    4.2901533858E+003    1.4385339741E+003    2.0782252873E+003    6.9593859986E+002    2.4988205242E+003    8.3593530165E+002    3.8240271352E+003    1.2805580351E+003    3.1250487958E+003    1.0478620364E+003
    1.5848931925E-002    1.7900777537E-002    1.9952623150E-002    6.1611371829E+003    1.0517029077E+003    4.1315076915E+003    7.0513763582E+002    9.4680677336E+003    1.6165505754E+003    4.5967253429E+003    7.8465862156E+002    5.5375911678E+003    9.4511840125E+002    8.4581794631E+003    1.4438068284E+003    6.8967635906E+003    1.1775335226E+003
    1.9952623150E-002    2.2535743732E-002    2.5118864315E-002    4.3615481467E+003    1.5684848922E+003    2.8908271793E+003    1.0354571517E+003    6.7987632115E+003    2.4602716641E+003    3.2540809116E+003    1.1702213471E+003    3.8746676156E+003    1.3878561547E+003    5.9876538805E+003    2.1532594243E+003    4.9523792919E+003    1.7921198404E+003
    2.5118864315E-002    2.8370820458E-002    3.1622776602E-002    1.3202758454E+003    1.6160729431E+003    9.1082238762E+002    1.0749797519E+003    1.9568767273E+003    2.5112855487E+003    9.8503657007E+002    1.2057260264E+003    1.2208042162E+003    1.4408295528E+003    1.8125111826E+003    2.2185896162E+003    1.4254351092E+003    1.8292795558E+003
    3.1622776602E-002    3.5716746829E-002    3.9810717055E-002    1.0748576782E+003    9.0305862780E+002    7.2841403632E+002    6.0526324744E+002    1.6319833185E+003    1.3888702346E+003    8.0193402331E+002    6.7375751543E+002    9.7631650119E+002    8.1125358186E+002    1.4755943374E+003    1.2397438513E+003    1.1887750963E+003    1.0116857986E+003
    3.9810717055E-002    4.4964720209E-002    5.0118723363E-002    1.6634922561E+003    8.8226861373E+002    1.1195349464E+003    5.9181797771E+002    2.5454518427E+003    1.3556138717E+003    1.2411048130E+003    6.5824642036E+002    1.5005482971E+003    7.9323245919E+002    2.2836881602E+003    1.2112027452E+003    1.8541670893E+003    9.8746108039E+002
    5.0118723363E-002    5.6607228905E-002    6.3095734448E-002    2.5225660186E+001    9.0779129532E+002    1.5438869807E+001    6.0952919716E+002    4.3497652413E+001    1.3933002784E+003    1.8820459280E+001    6.7728848254E+002    2.0693208259E+001    8.1697136994E+002    3.4630483723E+001    1.2462409881E+003    3.1684714757E+001    1.0149127468E+003
    6.3095734448E-002    7.1264278960E-002    7.9432823472E-002    4.7699956195E+002    6.0281615591E+002    3.1215977005E+002    4.0365583377E+002    7.5272809255E+002    9.2812759430E+002    3.5588170007E+002    4.4975143691E+002    4.1839766851E+002    5.4103275288E+002    6.5483818637E+002    8.2756268503E+002    5.4830487575E+002    6.7607000498E+002
    7.9432823472E-002    8.9716411736E-002    1.0000000000E-001    3.3014037680E+002    4.3692019832E+002    2.2228762429E+002    2.9160266363E+002    5.0474521330E+002    6.7516444625E+002    2.4631242443E+002    3.2597913158E+002    2.9793917303E+002    3.9084432493E+002    4.5322583674E+002    5.9981612788E+002    3.6766830441E+002    4.9180568851E+002
    1.0000000000E-001    1.1294627059E-001    1.2589254118E-001    2.8367284094E+002    2.9123606928E+002    1.9326461679E+002    1.9537592398E+002    4.2813844401E+002    4.4745691582E+002    2.1164374341E+002    2.1728654641E+002    2.5903871295E+002    2.6186856514E+002    3.8943391881E+002    3.9981692778E+002    3.1186612892E+002    3.2593815889E+002
    1.2589254118E-001    1.4219093021E-001    1.5848931925E-001   -2.2922424670E+002    2.4023395235E+002   -1.5319239019E+002    1.6063512390E+002   -3.5361506272E+002    3.7044097049E+002   -1.7102052312E+002    1.7923468740E+002   -2.0532863308E+002    2.1530436581E+002   -3.1468538329E+002    3.2979981159E+002   -2.5758154232E+002    2.6983792994E+002
    1.5848931925E-001    1.7900777537E-001    1.9952623150E-001    8.7356651122E+001    1.5362749552E+002    5.5043489399E+001    1.0261692142E+002    1.4331186208E+002    2.3716119639E+002    6.5175392167E+001    1.1461900313E+002    7.3776539583E+001    1.3754072367E+002    1.1992562583E+002    2.1090407323E+002    1.0439173655E+002    1.7275380261E+002
    1.9952623150E-001    2.2535743732E-001    2.5118864315E-001    7.4621694092E+001    1.1936658500E+002    5.2389981109E+001    7.9766561411E+001    1.0842545810E+002    1.8419887190E+002    5.5674045583E+001    8.9057488913E+001    7.0219958022E+001    1.0691365936E+002    1.0244272473E+002    1.6386974804E+002    7.8979658021E+001    1.3417479774E+002
    2.5118864315E-001    2.8370820458E-001    3.1622776602E-001   -1.2845797091E+002    9.6057735329E+001   -8.6488312006E+001    6.4252375131E+001   -1.9623809860E+002    1.4806397985E+002   -9.5840425697E+001    7.1667131126E+001   -1.1592303547E+002    8.6119502031E+001   -1.7635065397E+002    1.3187071479E+002   -1.4294445409E+002    1.0785329109E+002
    3.1622776602E-001    3.5716746829E-001    3.9810717055E-001    5.9483575183E+001    5.8873180257E+001    3.9112686641E+001    3.9383235034E+001    9.3234206702E+001    9.0737757556E+001    4.4379738580E+001    4.3924332744E+001    5.2423977943E+001    5.2786602559E+001    8.1660696567E+001    8.0822729537E+001    6.7913992619E+001    6.6095520249E+001
    3.9810717055E-001    4.4964720209E-001    5.0118723363E-001    6.0625059850E+001    5.0113404603E+001    4.0460018869E+001    3.3478281173E+001    9.3757208713E+001    7.7362035961E+001    4.5231381928E+001    3.7388805041E+001    5.4229850182E+001    4.4872005083E+001    8.3227758277E+001    6.8797067336E+001    6.8294959605E+001    5.6352329527E+001
    5.0118723363E-001    5.6607228905E-001    6.3095734448E-001   -9.4770744557E+001    3.9701989666E+001   -6.3583952979E+001    2.6301726095E+001   -1.4553475946E+002    6.1915775275E+001   -7.0706928013E+001    2.9621015836E+001   -8.5223594561E+001    3.5253040051E+001   -1.3010389828E+002    5.4503989064E+001   -1.0601094737E+002    4.5100909353E+001
    6.3095734448E-001    7.1264278960E-001    7.9432823472E-001   -9.3415339728E+000    2.6939554698E+001   -5.5725555540E+000    1.7819592365E+001   -1.6205967191E+001    4.2090755374E+001   -6.9695682274E+000    2.0099168405E+001   -7.4690734526E+000    2.3884166425E+001   -1.2824316105E+001    3.6983365493E+001   -1.1804808290E+001    3.0659897809E+001
    7.9432823472E-001    8.9716411736E-001    1.0000000000E+000    6.3120396547E+000    3.0228550559E+001    4.1075635547E+000    2.0297149045E+001    1.0035468377E+001    4.6393455225E+001    4.7093112497E+000    2.2553035310E+001    5.5054980796E+000    2.7204914446E+001    8.6653425484E+000    4.1498589944E+001    7.3100715865E+000    3.3794085746E+001
    1.0000000000E+000    1.1294627059E+000    1.2589254118E+000   -1.4949905416E+001    1.9534184114E+001   -1.0207267838E+001    1.3114519401E+001   -2.2497704091E+001    2.9984708115E+001   -1.1153883944E+001    1.4574140537E+001   -1.3681125741E+001    1.7577807480E+001   -2.0523643479E+001    2.6817068018E+001   -1.6387857672E+001    2.1841567785E+001
    1.2589254118E+000    1.4219093021E+000    1.5848931925E+000    3.6479412435E+000    1.0851013081E+001    2.4510453826E+000    7.2757133125E+000    5.6195648959E+000    1.6680336362E+001    2.7216702803E+000    8.0957663085E+000    3.2852140855E+000    9.7518699678E+000    5.0079945946E+000    1.4896570759E+001    4.0934234587E+000    1.2150349970E+001
    1.5848931925E+000    1.7900777537E+000    1.9952623150E+000   -2.0782555012E+000    1.1661009530E+001   -1.3473581715E+000    7.8290413954E+000   -3.3354345755E+000    1.7898820926E+001   -1.5505529982E+000    8.7000916289E+000   -1.8059070120E+000    1.0493513197E+001   -2.8530866100E+000    1.6008556277E+001   -2.4296091226E+000    1.3037922832E+001
    1.9952623150E+000    2.2535743732E+000    2.5118864315E+000   -5.1831358545E+000    6.4446478527E+000   -3.5339934515E+000    4.3066720165E+000   -7.8150183795E+000    9.9435367869E+000   -3.8670542841E+000    4.8082480930E+000   -4.7367238270E+000    5.7723694839E+000   -7.1155522004E+000    8.8473907488E+000   -5.6926434977E+000    7.2431064503E+000
    2.5118864315E+000    2.8370820458E+000    3.1622776602E+000   -7.0287890847E+000    4.7563087526E+000   -4.7325847680E+000    3.1728689319E+000   -1.0746477121E+001    7.3537542894E+000   -5.2440664697E+000    3.5486054494E+000   -6.3432338915E+000    4.2526971473E+000   -9.6493159821E+000    6.5295921543E+000   -7.8279871056E+000    5.3566478678E+000
    3.1622776602E+000    3.5716746829E+000    3.9810717055E+000    2.8470586092E-001    2.3885286923E+000    1.9295507486E-001    1.5897768220E+000    4.3166302875E-001    3.7034218403E+000    2.1241446300E-001    1.7820428350E+000    2.5862382406E-001    2.1308284398E+000    3.9085207720E-001    3.2790382250E+000    3.1443351947E-001    2.6976597155E+000
    3.9810717055E+000    4.4964720209E+000    5.0118723363E+000   -3.1779350912E+000    1.6349374493E+000   -2.1362610159E+000    1.0931883392E+000   -4.8679701497E+000    2.5212847870E+000   -2.3710062507E+000    1.2198005310E+000   -2.8632985867E+000    1.4652351015E+000   -4.3627571544E+000    2.2444873319E+000   -3.5459441391E+000    1.8365632365E+000
    5.0118723363E+000    5.6607228905E+000    6.3095734448E+000   -2.3702855134E+000    1.4065021444E+000   -1.5955654938E+000    9.4161840101E-001   -3.6277714965E+000    2.1658312025E+000   -1.7684318927E+000    1.0493686247E+000   -2.1385871807E+000    1.2620810925E+000   -3.2539934846E+000    1.9308850297E+000   -2.6425542229E+000    1.5776424717E+000
    6.3095734448E+000    7.1264278960E+000    7.9432823472E+000   -5.5668154102E-001    1.0183818900E+000   -3.6476894239E-001    6.8242073603E-001   -8.7785489366E-001    1.5666030422E+000   -4.1533114287E-001    7.5979834626E-001   -4.8891141550E-001    9.1467021792E-001   -7.6422781022E-001    1.3980628141E+000   -6.3945018548E-001    1.1411505627E+000
    7.9432823472E+000    8.9716411736E+000    1.0000000000E+001   -2.8660492584E-001    6.4995228568E-001   -1.9711987910E-001    4.3481324119E-001   -4.2815102856E-001    1.0017112060E+000   -2.1383132478E-001    4.8491894509E-001   -2.6420604366E-001    5.8279401705E-001   -3.9345916602E-001    8.9227246716E-001   -3.1187529580E-001    7.2967004128E-001
    1.0000000000E+001    1.1294627059E+001    1.2589254118E+001   -1.0149536326E+000    4.2736446269E-001   -6.7755657703E-001    2.8528490105E-001   -1.5675178613E+000    6.6027305326E-001   -7.5724057857E-001    3.1884975094E-001   -9.0815063089E-001    3.8237642679E-001   -1.3933564075E+000    5.8669774982E-001   -1.1418169385E+000    4.8095844704E-001
    1.2589254118E+001    1.4219093021E+001    1.5848931925E+001   -4.9625918041E-001    3.3145303036E-001   -3.3482552997E-001    2.2182949955E-001   -7.5722876791E-001    5.1060866060E-001   -3.7025099158E-001    2.4729177414E-001   -4.4877730744E-001    2.9732513387E-001   -6.8127832306E-001    4.5502788384E-001   -5.5158327372E-001    3.7193937756E-001
    1.5848931925E+001    1.7900777537E+001    1.9952623150E+001   -4.4021816804E-001    2.0173468036E-001   -2.9474097548E-001    1.3478387950E-001   -6.7804199758E-001    3.1135121403E-001   -3.2843969374E-001    1.5051099987E-001   -3.9505070412E-001    1.8065512069E-001   -6.0434367190E-001    2.7694694660E-001   -4.9390176469E-001    2.2679555926E-001
    1.9952623150E+001    2.2535743732E+001    2.5118864315E+001   -1.6775904479E-001    1.9179294445E-001   -1.1474265451E-001    1.2805358244E-001   -2.5185020036E-001    2.9630024579E-001   -1.2516232471E-001    1.4309363063E-001   -1.5379322941E-001    1.7163428948E-001   -2.3030425476E-001    2.6329865668E-001   -1.8345361915E-001    2.1583207942E-001
    2.5118864315E+001    2.8370820458E+001    3.1622776602E+001   -2.7401561221E-001    1.4346842377E-001   -1.8374450859E-001    9.5714814861E-002   -4.2117711429E-001    2.2183239460E-001   -2.0443864040E-001    1.0703948311E-001   -2.4627860914E-001    1.2828961071E-001   -3.7617620821E-001    1.9695741865E-001   -3.0679533235E-001    1.6158794226E-001
    3.1622776602E+001    3.5716746829E+001    3.9810717055E+001   -2.5727160418E-001    7.3171724056E-002   -1.7236940003E-001    4.8673279753E-002   -3.9581128379E-001    1.1349154056E-001   -1.9194620536E-001    5.4592246264E-002   -2.3103218932E-001    6.5238344980E-002   -3.5318957106E-001    1.0045216578E-001   -2.8831826383E-001    8.2669911837E-002
    3.9810717055E+001    4.4964720209E+001    5.0118723363E+001   -1.7369874960E-001    4.8838507869E-002   -1.1685377270E-001    3.2472186133E-002   -2.6583343817E-001    7.5796940309E-002   -1.2959384293E-001    3.6437625095E-002   -1.5662282826E-001    4.3523503900E-002   -2.3845844575E-001    6.7046853852E-002   -1.9363933900E-001    5.5212276983E-002
    5.0118723363E+001    5.6607228905E+001    6.3095734448E+001   -8.8340543044E-002    3.3937738653E-002   -5.9096336584E-002    2.2547778967E-002   -1.3618430023E-001    5.2718351774E-002   -6.5909458102E-002    2.5320400880E-002   -7.9208699571E-002    3.0221505316E-002   -1.2127633986E-001    4.6590665907E-002   -9.9199852584E-002    3.8401289397E-002
    6.3095734448E+001    7.1264278960E+001    7.9432823472E+001   -1.1773528473E-001    2.3629627130E-002   -7.8633356026E-002    1.5688264447E-002   -1.8173169467E-001    3.6736654139E-002   -8.7840402026E-002    1.7629684691E-002   -1.0539478813E-001    2.1027479826E-002   -1.6163025393E-001    3.2439405418E-002   -1.3237764772E-001    2.6759844335E-002
    7.9432823472E+001    8.9716411736E+001    1.0000000000E+002   -5.5397607234E-002    1.4983530815E-002   -3.7210645778E-002    9.9317535351E-003   -8.4952707129E-002    2.3334571309E-002   -4.1331263621E-002    1.1178971313E-002   -4.9874612076E-002    1.3311845157E-002   -7.6051366801E-002    2.0569805356E-002   -6.1881553231E-002    1.6997451469E-002
#nx: 3
