#labels: yh_lower[1]   yh_center[2]   yh_upper[3]   tot_scale01[4]   tot_scale01_Err[5]   tot_scale02[6]   tot_scale02_Err[7]   tot_scale03[8]   tot_scale03_Err[9]   tot_scale04[10]  tot_scale04_Err[11]  tot_scale05[12]  tot_scale05_Err[13]  tot_scale06[14]  tot_scale06_Err[15]  tot_scale07[16]  tot_scale07_Err[17] 
#neval: 250002
#overflow:lower center upper    0.0000000000E+000    0.0000000000E+000    0.0000000000E+000    0.0000000000E+000    0.0000000000E+000    0.0000000000E+000    0.0000000000E+000    0.0000000000E+000    0.0000000000E+000    0.0000000000E+000    0.0000000000E+000    0.0000000000E+000    0.0000000000E+000    0.0000000000E+000
   -4.4000000000E+000   -4.3000000000E+000   -4.2000000000E+000    0.0000000000E+000    0.0000000000E+000    0.0000000000E+000    0.0000000000E+000    0.0000000000E+000    0.0000000000E+000    0.0000000000E+000    0.0000000000E+000    0.0000000000E+000    0.0000000000E+000    0.0000000000E+000    0.0000000000E+000    0.0000000000E+000    0.0000000000E+000
   -4.2000000000E+000   -4.1000000000E+000   -4.0000000000E+000    4.4554272097E-008    8.7896682289E-009    7.1509342594E-008    1.3909510836E-008    1.2094313399E-007    2.3157499954E-008    5.2129336062E-008    1.0139843809E-008    6.1118114061E-008    1.2057383503E-008    1.0203915721E-007    1.9847962677E-008    8.4757305324E-008    1.6228844329E-008
   -4.0000000000E+000   -3.9000000000E+000   -3.8000000000E+000    2.1559917595E-006    2.3900325462E-007    3.2659877185E-006    3.5793578489E-007    5.1707982108E-006    5.5950645061E-007    2.3808605307E-006    2.6093030844E-007    2.9575199879E-006    3.2785695937E-007    4.6603509719E-006    5.1075096625E-007    3.6237106504E-006    3.9210377226E-007
   -3.8000000000E+000   -3.7000000000E+000   -3.6000000000E+000    2.0353525512E-005    1.3475313251E-006    2.9982738878E-005    1.9680675615E-006    4.5987685639E-005    2.9902105547E-006    2.1857007971E-005    1.4346944272E-006    2.7920310113E-005    1.8485000283E-006    4.2783408363E-005    2.8083037548E-006    3.2228305853E-005    2.0955483839E-006
   -3.6000000000E+000   -3.5000000000E+000   -3.4000000000E+000    7.4847690041E-005    3.2322058850E-006    1.0852239713E-004    4.6551883587E-006    1.6351025546E-004    6.9634749822E-006    7.9111348321E-005    3.3935688622E-006    1.0267364816E-004    4.4338358288E-006    1.5485436643E-004    6.6426494713E-006    1.1458846971E-004    4.8800238238E-006
   -3.4000000000E+000   -3.3000000000E+000   -3.2000000000E+000    1.8697465344E-004    5.8061903672E-006    2.6727438833E-004    8.2482008533E-006    3.9635185918E-004    1.2150258562E-005    1.9483938608E-004    6.0128259972E-006    2.5648580164E-004    7.9647447579E-006    3.8138308002E-004    1.1769643420E-005    2.7776455295E-004    8.5149370680E-006
   -3.2000000000E+000   -3.1000000000E+000   -3.0000000000E+000    3.8531388597E-004    8.8729819597E-006    5.4564074699E-004    1.2493288294E-005    8.0076230633E-004    1.8224912091E-005    3.9776466735E-004    9.1074368797E-006    5.2856116649E-004    1.2171670593E-005    7.7859367661E-004    1.7827105690E-005    5.6117658814E-004    1.2772072194E-005
   -3.0000000000E+000   -2.9000000000E+000   -2.8000000000E+000    6.4133447530E-004    1.1643283209E-005    9.0129404651E-004    1.6286931190E-005    1.3115995799E-003    2.3591709534E-005    6.5703107507E-004    1.1872950843E-005    8.7976195700E-004    1.5971880534E-005    1.2860876854E-003    2.3240386107E-005    9.1917285749E-004    1.6533139685E-005
   -2.8000000000E+000   -2.7000000000E+000   -2.6000000000E+000    9.4857389767E-004    1.4252987677E-005    1.3258425448E-003    1.9837189082E-005    1.9181155126E-003    2.8581674579E-005    9.6652114359E-004    1.4461040455E-005    1.3012230914E-003    1.9551788988E-005    1.8918906391E-003    2.8306372033E-005    1.3442210135E-003    2.0030121918E-005
   -2.6000000000E+000   -2.5000000000E+000   -2.4000000000E+000    1.2755257749E-003    1.6684306436E-005    1.7761736251E-003    2.3148218304E-005    2.5591559561E-003    3.3242554293E-005    1.2948063630E-003    1.6874735628E-005    1.7497251359E-003    2.2886993678E-005    2.5344836519E-003    3.3030994286E-005    1.7934640487E-003    2.3296480181E-005
   -2.4000000000E+000   -2.3000000000E+000   -2.2000000000E+000    1.6298166349E-003    1.8891646309E-005    2.2616119769E-003    2.6121945054E-005    3.2463909715E-003    3.7379838802E-005    1.6486843049E-003    1.9042541896E-005    2.2357299155E-003    2.5914951352E-005    3.2271724461E-003    3.7274307962E-005    2.2750803763E-003    2.6195901379E-005
   -2.2000000000E+000   -2.1000000000E+000   -2.0000000000E+000    1.9221544541E-003    2.0447936021E-005    2.6627897527E-003    2.8237335102E-005    3.8159176184E-003    4.0362157766E-005    1.9411374353E-003    2.0584632408E-005    2.6367495111E-003    2.8049819405E-005    3.7996269066E-003    4.0292831273E-005    2.6742063316E-003    2.8285919312E-005
   -2.0000000000E+000   -1.9000000000E+000   -1.8000000000E+000    2.3166003812E-003    2.2342141066E-005    3.2056079549E-003    3.0831148910E-005    4.5886375053E-003    4.4046283507E-005    2.3368445059E-003    2.2475487320E-005    3.1778377171E-003    3.0648228818E-005    4.5741929962E-003    4.3994034016E-005    3.2157307095E-003    3.0867765507E-005
   -1.8000000000E+000   -1.7000000000E+000   -1.6000000000E+000    2.5251008569E-003    2.3267234983E-005    3.4878188041E-003    3.2062846530E-005    4.9828343771E-003    4.5739858895E-005    2.5425723684E-003    2.3373378097E-005    3.4638519479E-003    3.1917242829E-005    4.9768894295E-003    4.5751586003E-005    3.4919850409E-003    3.2054628139E-005
   -1.6000000000E+000   -1.5000000000E+000   -1.4000000000E+000    2.7178813331E-003    2.3953246052E-005    3.7554185546E-003    3.3023922862E-005    5.3687142176E-003    4.7155722507E-005    2.7376489391E-003    2.4073989643E-005    3.7283019899E-003    3.2858290696E-005    5.3587367801E-003    4.7122979101E-005    3.7624107722E-003    3.3046869537E-005
   -1.4000000000E+000   -1.3000000000E+000   -1.2000000000E+000    2.8573171069E-003    2.4481952011E-005    3.9450205520E-003    3.3734630476E-005    5.6352562119E-003    4.8146255927E-005    2.8758662109E-003    2.4592085807E-005    3.9195754892E-003    3.3583552486E-005    5.6292864358E-003    4.8137112407E-005    3.9492041887E-003    3.3741038282E-005
   -1.2000000000E+000   -1.1000000000E+000   -1.0000000000E+000    2.9508783613E-003    2.4729505729E-005    4.0753437728E-003    3.4082759125E-005    5.8241806615E-003    4.8665164861E-005    2.9708700625E-003    2.4845866846E-005    4.0479198015E-003    3.3923138695E-005    5.8152491525E-003    4.8633869230E-005    4.0816030007E-003    3.4104691195E-005
   -1.0000000000E+000   -9.0000000000E-001   -8.0000000000E-001    2.8983498344E-003    2.4407903466E-005    4.0002788252E-003    3.3624442587E-005    5.7133169109E-003    4.7994672013E-005    2.9161487389E-003    2.4511760337E-005    3.9758628619E-003    3.3481975079E-005    5.7081363794E-003    4.7979881492E-005    4.0039093569E-003    3.3634807828E-005
   -8.0000000000E-001   -7.0000000000E-001   -6.0000000000E-001    2.9224287901E-003    2.4425495429E-005    4.0355833478E-003    3.3665127591E-005    5.7673448639E-003    4.8083977565E-005    2.9418852546E-003    2.4541419151E-005    4.0088935970E-003    3.3506107168E-005    5.7585136253E-003    4.8037936334E-005    4.0417723059E-003    3.3697393422E-005
   -6.0000000000E-001   -5.0000000000E-001   -4.0000000000E-001    2.7851376754E-003    2.3811730756E-005    3.8449864736E-003    3.2802358036E-005    5.4934545581E-003    4.6827131257E-005    2.8029427312E-003    2.3912471905E-005    3.8205620720E-003    3.2664164576E-005    5.4865443453E-003    4.6806820579E-005    3.8498291711E-003    3.2816591820E-005
   -4.0000000000E-001   -3.0000000000E-001   -2.0000000000E-001    2.6419378798E-003    2.3150155964E-005    3.6483999995E-003    3.1894340498E-005    5.2146048381E-003    4.5540345989E-005    2.6596338711E-003    2.3250539496E-005    3.6241252092E-003    3.1756637605E-005    5.2060282979E-003    4.5511138910E-005    3.6544104642E-003    3.1914808905E-005
   -2.0000000000E-001   -1.0000000000E-001    0.0000000000E+000    2.4706844497E-003    2.2277227531E-005    3.4120301222E-003    3.0686960676E-005    4.8772538548E-003    4.3813803597E-005    2.4873234524E-003    2.2370376062E-005    3.3892052748E-003    3.0559182523E-005    4.8687439349E-003    4.3788286832E-005    3.4179938992E-003    3.0704842900E-005
    0.0000000000E+000    1.0000000000E-001    2.0000000000E-001    2.2533951100E-003    2.1214525396E-005    3.1123373863E-003    2.9222500743E-005    4.4494086105E-003    4.1722292028E-005    2.2688515327E-003    2.1302804732E-005    3.0911347639E-003    2.9101401995E-005    4.4411019921E-003    4.1698598241E-005    3.1181586890E-003    2.9239105418E-005
    2.0000000000E-001    3.0000000000E-001    4.0000000000E-001    2.0099398827E-003    1.9966035913E-005    2.7744693225E-003    2.7481848701E-005    3.9636446449E-003    3.9203759197E-005    2.0225503194E-003    2.0033893119E-005    2.7571707319E-003    2.7388764373E-005    3.9589863520E-003    3.9214801567E-005    2.7777338679E-003    2.7474110176E-005
    4.0000000000E-001    5.0000000000E-001    6.0000000000E-001    1.7978747364E-003    1.8758112181E-005    2.4812803856E-003    2.5808292870E-005    3.5437648308E-003    3.6793230016E-005    1.8088195807E-003    1.8813893729E-005    2.4662666011E-003    2.5731773540E-005    3.5406249053E-003    3.6826746799E-005    2.4834808547E-003    2.5784804210E-005
    6.0000000000E-001    7.0000000000E-001    8.0000000000E-001    1.5398795802E-003    1.7240377760E-005    2.1280236649E-003    2.3743917257E-005    3.0437657185E-003    3.3888973597E-005    1.5513002463E-003    1.7308992045E-005    2.1123571633E-003    2.3649794393E-005    3.0365506577E-003    3.3881017750E-005    2.1330800008E-003    2.3749492738E-005
    8.0000000000E-001    9.0000000000E-001    1.0000000000E+000    1.2988280958E-003    1.5726648201E-005    1.7941970729E-003    2.1638180846E-005    2.5649326059E-003    3.0843800828E-005    1.3079452108E-003    1.5773938904E-005    1.7816905084E-003    2.1573308985E-005    2.5602019337E-003    3.0876269548E-005    1.7975123420E-003    2.1615426672E-005
    1.0000000000E+000    1.1000000000E+000    1.2000000000E+000    1.0599678299E-003    1.4064272430E-005    1.4633314303E-003    1.9333847109E-005    2.0900503951E-003    2.7524176434E-005    1.0667486672E-003    1.4094111018E-005    1.4540296964E-003    1.9292915497E-005    2.0880782909E-003    2.7588135942E-005    1.4647134868E-003    1.9289024097E-005
    1.2000000000E+000    1.3000000000E+000    1.4000000000E+000    8.5037771946E-004    1.2398058859E-005    1.1753773441E-003    1.7058350491E-005    1.6807856471E-003    2.4305813598E-005    8.5683406316E-004    1.2435304999E-005    1.1665207399E-003    1.7007257437E-005    1.6771866338E-003    2.4341151021E-005    1.1778995432E-003    1.7033585921E-005
    1.4000000000E+000    1.5000000000E+000    1.6000000000E+000    6.4617166538E-004    1.0651693399E-005    8.9319112618E-004    1.4649692321E-005    1.2771388522E-003    2.0857960877E-005    6.5112415659E-004    1.0679426023E-005    8.8639745841E-004    1.4611649602E-005    1.2745253478E-003    2.0904153270E-005    8.9502267776E-004    1.4617320556E-005
    1.6000000000E+000    1.7000000000E+000    1.8000000000E+000    4.8698228169E-004    9.0664750059E-006    6.7394293143E-004    1.2477894623E-005    9.6484879509E-004    1.7775312996E-005    4.9129521102E-004    9.0962151038E-006    6.6802659402E-004    1.2437098116E-005    9.6167250650E-004    1.7805139929E-005    6.7616888385E-004    1.2456991821E-005
    1.8000000000E+000    1.9000000000E+000    2.0000000000E+000    3.5012070371E-004    7.4487909495E-006    4.8486438488E-004    1.0260989396E-005    6.9440448275E-004    1.4623338189E-005    3.5345952777E-004    7.4801214102E-006    4.8028429368E-004    1.0218011280E-005    6.9186978092E-004    1.4641761092E-005    4.8664071140E-004    1.0248078571E-005
    2.0000000000E+000    2.1000000000E+000    2.2000000000E+000    2.3994936189E-004    5.9187416022E-006    3.3285495313E-004    8.1659480739E-006    4.7748917906E-004    1.1654025670E-005    2.4264672394E-004    5.9528648422E-006    3.2915479883E-004    8.1191389135E-006    4.7496225889E-004    1.1652274081E-005    3.3462582624E-004    8.1671755921E-006
    2.2000000000E+000    2.3000000000E+000    2.4000000000E+000    1.4618747961E-004    4.4254018279E-006    2.0334530511E-004    6.1127890558E-006    2.9255201201E-004    8.7333633475E-006    1.4823595578E-004    4.4561399030E-006    2.0053527154E-004    6.0706235553E-006    2.9016045741E-004    8.7225503805E-006    2.0502131364E-004    6.1203668150E-006
    2.4000000000E+000    2.5000000000E+000    2.6000000000E+000    8.2545075060E-005    3.1036851660E-006    1.1519680796E-004    4.3034846667E-006    1.6626288611E-004    6.1728514069E-006    8.3976902842E-005    3.1371816645E-006    1.1323267277E-004    4.2575352498E-006    1.6437831437E-004    6.1407912942E-006    1.1651752140E-004    4.3259524883E-006
    2.6000000000E+000    2.7000000000E+000    2.8000000000E+000    4.3297065559E-005    2.0864252608E-006    6.0522658954E-005    2.8971617946E-006    8.7475166449E-005    4.1593315230E-006    4.4120193440E-005    2.1119914593E-006    5.9393518664E-005    2.8620909077E-006    8.6361877871E-005    4.1340604891E-006    6.1302854876E-005    2.9148718098E-006
    2.8000000000E+000    2.9000000000E+000    3.0000000000E+000    2.0470661930E-005    1.3099790225E-006    2.8515071314E-005    1.8166985346E-006    4.0986831240E-005    2.6010171679E-006    2.0787098321E-005    1.3243484697E-006    2.8080994075E-005    1.7969869902E-006    4.0689142693E-005    2.5923100485E-006    2.8723692327E-005    1.8228005095E-006
    3.0000000000E+000    3.1000000000E+000    3.2000000000E+000    7.4771458789E-006    6.5038004734E-007    1.0463493860E-005    9.1102965524E-007    1.5098557775E-005    1.3184492249E-006    7.6277444044E-006    6.6412820113E-007    1.0256907658E-005    8.9217038110E-007    1.4930721724E-005    1.2999797627E-006    1.0581113860E-005    9.2397310891E-007
    3.2000000000E+000    3.3000000000E+000    3.4000000000E+000    2.2350909017E-006    2.4182871933E-007    3.0378870653E-006    3.4317667573E-007    4.2336570551E-006    5.0582626600E-007    2.2145782635E-006    2.5017111903E-007    3.0660256410E-006    3.3173284077E-007    4.3348662509E-006    4.8969068230E-007    2.9669593621E-006    3.5448454042E-007
    3.4000000000E+000    3.5000000000E+000    3.6000000000E+000    7.5922939620E-007    1.0629422592E-007    9.4686879224E-007    1.5116331694E-007    1.1656528102E-006    2.2554482135E-007    6.9025444351E-007    1.1019599766E-007    1.0414864086E-006    1.4581099225E-007    1.3511198683E-006    2.1570017150E-007    8.1689293042E-007    1.5806247661E-007
    3.6000000000E+000    3.7000000000E+000    3.8000000000E+000    6.6773698137E-007    8.6363994428E-008    8.9598034583E-007    1.2067086467E-007    1.2196487538E-006    1.7562087320E-007    6.5315745970E-007    8.7967415571E-008    9.1598006363E-007    1.1847134324E-007    1.2785053819E-006    1.7218943545E-007    8.5473344708E-007    1.2307562637E-007
    3.8000000000E+000    3.9000000000E+000    4.0000000000E+000    3.6199955341E-007    5.6485996614E-008    5.3578449063E-007    8.3126650358E-008    8.2310556561E-007    1.2712374150E-007    3.9057959080E-007    6.0598195076E-008    4.9657931673E-007    7.7485669082E-008    7.6452944309E-007    1.1861629595E-007    5.7683481020E-007    8.9088693313E-008
    4.0000000000E+000    4.1000000000E+000    4.2000000000E+000    1.7430350454E-009    1.3335937166E-009    2.3077550959E-009    2.1074788312E-009    2.7926328480E-009    3.5062847533E-009    1.6823220097E-009    1.5363233425E-009    2.3910392809E-009    1.8293808663E-009    3.2930156605E-009    3.0072345230E-009    1.9570853438E-009    2.4572147058E-009
    4.2000000000E+000    4.3000000000E+000    4.4000000000E+000    0.0000000000E+000    0.0000000000E+000    0.0000000000E+000    0.0000000000E+000    0.0000000000E+000    0.0000000000E+000    0.0000000000E+000    0.0000000000E+000    0.0000000000E+000    0.0000000000E+000    0.0000000000E+000    0.0000000000E+000    0.0000000000E+000    0.0000000000E+000
#nx: 3
