#labels: pth_lower[1] pth_center[2] pth_upper[3] tot_scale01[4] tot_scale01_Err[5] tot_scale02[6] tot_scale02_Err[7] tot_scale03[8] tot_scale03_Err[9] tot_scale04[10] tot_scale04_Err[11] tot_scale05[12] tot_scale05_Err[13] tot_scale06[14] tot_scale06_Err[15] tot_scale07[16] tot_scale07_Err[17]
#neval: 29415400
#overflow:lower center upper 8.58513344105E+01 3.73493796448E-01 5.78062065171E+01 2.50280647702E-01 1.31495621371E+02 5.75375332073E-01 6.40522995826E+01 2.78657713438E-01 7.74794972083E+01 3.35459112663E-01 1.17859085429E+02 5.12742609829E-01 9.57845084468E+01 4.19116946865E-01 
1.00000000000E-02 1.12946270590E-02 1.25892541180E-02 2.76916815088E+02 2.04414832515E+01 1.90024122239E+02 1.39677499762E+01 4.15216891883E+02 3.08114725240E+01 2.06603181200E+02 1.52510618283E+01 2.54695375037E+02 1.87214195582E+01 3.80159059737E+02 2.80626333578E+01 3.02453765932E+02 2.24438024586E+01 
1.25892541180E-02 1.42190930210E-02 1.58489319250E-02 2.78795069651E+02 1.77583478155E+01 1.91630130610E+02 1.21807847898E+01 4.17187386588E+02 2.66327210562E+01 2.08004516718E+02 1.32492176410E+01 2.56847959143E+02 1.63262932819E+01 3.82737579530E+02 2.43791508504E+01 3.03889120698E+02 1.93999014440E+01 
1.58489319250E-02 1.79007775370E-02 1.99526231500E-02 4.09663201712E+02 3.29725519986E+01 2.81367349369E+02 2.26099098499E+01 6.13635400370E+02 4.94854807123E+01 3.05643124877E+02 2.46002906436E+01 3.77125607673E+02 3.03047813135E+01 5.62396969364E+02 4.52656309841E+01 4.46986481956E+02 3.60463899545E+01 
1.99526231500E-02 2.25357437320E-02 2.51188643150E-02 5.39184644126E+02 6.24602323250E+01 3.70206452630E+02 4.27966606485E+01 8.07891722486E+02 9.38034774327E+01 4.02276989554E+02 4.66005745903E+01 4.96199483434E+02 5.73617254792E+01 7.40207586413E+02 8.57471337884E+01 5.88487363375E+02 6.83286628304E+01 
2.51188643150E-02 2.83708204580E-02 3.16227766020E-02 4.19769990410E+02 2.43176489520E+01 2.88544580822E+02 1.67111563250E+01 6.28179229830E+02 3.64085188915E+01 3.13183637342E+02 1.81430067046E+01 3.86745479273E+02 2.23984943458E+01 5.76271848314E+02 3.33839407969E+01 4.57580549963E+02 2.65208228902E+01 
3.16227766020E-02 3.57167468290E-02 3.98107170550E-02 5.42510065615E+02 3.39941514171E+01 3.71077176612E+02 2.31550067027E+01 8.16459110536E+02 5.14109933936E+01 4.04758033035E+02 2.53624895358E+01 4.97366542484E+02 3.10353919635E+01 7.44772816979E+02 4.66681109090E+01 5.94728050667E+02 3.74489787539E+01 
3.98107170550E-02 4.49647202090E-02 5.01187233630E-02 5.28145179640E+02 2.88455370302E+01 3.62493118597E+02 1.97989476434E+01 7.91732021621E+02 4.32491599476E+01 3.94040622686E+02 2.15211911634E+01 4.85861056493E+02 2.65371592620E+01 7.25052304366E+02 3.95999507346E+01 5.76716256565E+02 3.15037069915E+01 
5.01187233630E-02 5.66072289050E-02 6.30957344480E-02 5.86549878875E+02 3.43276691521E+01 4.01167224686E+02 2.32695405770E+01 8.82788996193E+02 5.22174464612E+01 4.37615429275E+02 2.56113217531E+01 5.37697190974E+02 3.11889053584E+01 8.05231890198E+02 4.71259732764E+01 6.43044302008E+02 3.80364181670E+01 
6.30957344480E-02 7.12642789600E-02 7.94328234720E-02 4.72573586774E+02 1.86508125647E+01 3.23458021721E+02 1.26172947280E+01 7.10624722511E+02 2.84304396335E+01 3.52579551184E+02 1.39150712339E+01 4.33541074584E+02 1.69113614360E+01 6.48762085276E+02 2.56043511321E+01 5.17635789127E+02 2.07094020075E+01 
7.94328234720E-02 8.97164117360E-02 1.00000000000E-01 4.37015932119E+02 1.63925249516E+01 2.98981476718E+02 1.11098343659E+01 6.57470633379E+02 2.49211752609E+01 3.26050557031E+02 1.22301991731E+01 4.00734382801E+02 1.48908643657E+01 5.99947553890E+02 2.25041114615E+01 4.78917098374E+02 1.81531711653E+01 
1.00000000000E-01 1.12946270590E-01 1.25892541180E-01 3.63259166509E+02 1.27031994350E+01 2.37088587938E+02 7.29723884213E+00 5.47347654176E+02 1.94933545906E+01 2.71021820677E+02 9.47765275239E+00 3.17777375372E+02 9.78072131991E+00 4.98692226895E+02 1.74393033927E+01 3.98700925990E+02 1.41994187177E+01 
1.25892541180E-01 1.42190930210E-01 1.58489319250E-01 3.14777856974E+02 9.79237810919E+00 2.14952096721E+02 6.60260165498E+00 4.74579772503E+02 1.49826407071E+01 2.34850695513E+02 7.30593578522E+00 2.88107132111E+02 8.84967700390E+00 4.32135744789E+02 1.34432474004E+01 3.45695086675E+02 1.09137084596E+01 
1.58489319250E-01 1.79007775370E-01 1.99526231500E-01 2.81740806469E+02 8.19021827772E+00 1.92403525747E+02 5.56798925300E+00 4.24782416108E+02 1.24232231418E+01 2.10202283571E+02 6.11059010761E+00 2.57884565242E+02 7.46295309414E+00 3.86781568473E+02 1.12437580886E+01 3.09421519129E+02 9.04936840885E+00 
1.99526231500E-01 2.25357437320E-01 2.51188643150E-01 2.21263404164E+02 6.37518773037E+00 1.51093325481E+02 4.34067608568E+00 3.33622406231E+02 9.64902637192E+00 1.65081066560E+02 4.75642501315E+00 2.02515189895E+02 5.81794621937E+00 3.03756518556E+02 8.75203397244E+00 2.43018420344E+02 7.02857812574E+00 
2.51188643150E-01 2.83708204580E-01 3.16227766020E-01 1.87088819974E+02 4.90099513411E+00 1.27925872275E+02 3.35056731820E+00 2.81656931780E+02 7.38066010481E+00 1.39583959036E+02 3.65655363121E+00 1.71463115483E+02 4.49087194638E+00 2.56840704550E+02 6.72822161912E+00 2.05165544525E+02 5.37624669768E+00 
3.16227766020E-01 3.57167468290E-01 3.98107170550E-01 1.55293497736E+02 3.98793928129E+00 1.05852651548E+02 2.71980163016E+00 2.34652315606E+02 6.02685640559E+00 1.15861980581E+02 2.97533734703E+00 1.41877675672E+02 3.64543663225E+00 2.13191207127E+02 5.47475330086E+00 1.70926274744E+02 4.39010418952E+00 
3.98107170550E-01 4.49647202090E-01 5.01187233630E-01 1.33198624375E+02 4.43471303251E+00 9.09116059661E+01 3.00644151890E+00 2.00937961314E+02 6.74146414986E+00 9.93773509892E+01 3.30866805592E+00 1.21851717058E+02 4.02962919220E+00 1.82858754118E+02 6.08809665849E+00 1.46367944820E+02 4.91064130561E+00 
5.01187233630E-01 5.66072289050E-01 6.30957344480E-01 1.14763619220E+02 4.44554383697E+00 7.83072210639E+01 3.03065990069E+00 1.73179063931E+02 6.71460798822E+00 8.56232901904E+01 3.31674874493E+00 1.04957659070E+02 4.06208985961E+00 1.57550669362E+02 6.10296548633E+00 1.26147710005E+02 4.89107864463E+00 
6.30957344480E-01 7.12642789600E-01 7.94328234720E-01 9.07574586717E+01 2.11089017345E+00 6.19811143942E+01 1.43915326771E+00 1.36827948202E+02 3.18924803436E+00 6.77126799733E+01 1.57490120222E+00 8.30752590248E+01 1.92894289915E+00 1.24594348456E+02 2.89788839036E+00 9.96687009317E+01 2.32312340212E+00 
7.94328234720E-01 8.97164117360E-01 1.00000000000E+00 6.83835748673E+01 1.29478187930E+00 4.66941169235E+01 8.83267703275E-01 1.03107451676E+02 1.95452925662E+00 5.10198851775E+01 9.66015932035E-01 6.25856100891E+01 1.18387179636E+00 9.38788621945E+01 1.77751236104E+00 7.51058968568E+01 1.42372515629E+00 
1.00000000000E+00 1.12946270590E+00 1.25892541180E+00 5.79823804521E+01 1.16410514365E+00 3.95811694466E+01 7.91872309961E-01 8.74609766123E+01 1.76354965857E+00 4.32597213395E+01 8.68520121649E-01 5.30519003482E+01 1.06137164374E+00 7.95998149370E+01 1.59811572547E+00 6.37086358133E+01 1.28461111787E+00 
1.25892541180E+00 1.42190930210E+00 1.58489319250E+00 4.95743185459E+01 1.48208759017E+00 3.38076689979E+01 1.00274046499E+00 7.48579335906E+01 2.25771561109E+00 3.69866016052E+01 1.10576170987E+00 4.53134940618E+01 1.34400493889E+00 6.80569950926E+01 2.03465081940E+00 5.45282823676E+01 1.64457323950E+00 
1.58489319250E+00 1.79007775370E+00 1.99526231500E+00 3.68420282407E+01 7.75704925632E-01 2.51523572805E+01 5.29144785219E-01 5.55654480009E+01 1.17145120126E+00 2.74872446222E+01 5.78740966874E-01 3.37125044714E+01 7.09229585870E-01 5.05777549487E+01 1.06490916801E+00 4.04751813624E+01 8.53312652633E-01 
1.99526231500E+00 2.25357437320E+00 2.51188643150E+00 3.09509812964E+01 7.18275452112E-01 2.11170568378E+01 4.89849419195E-01 4.67131083160E+01 1.08502841007E+00 2.30920292618E+01 5.35893760503E-01 2.83038629393E+01 6.56560756940E-01 4.24903628326E+01 9.86068398995E-01 3.40269285882E+01 7.90360255526E-01 
2.51188643150E+00 2.83708204580E+00 3.16227766020E+00 2.71099042871E+01 1.42470490713E+00 1.84679235383E+01 9.62331300731E-01 4.09854074141E+01 2.17456955496E+00 2.02262634936E+01 1.06294941310E+00 2.47531453184E+01 1.28984325075E+00 3.72172261194E+01 1.95587428562E+00 2.98547363150E+01 1.58400769340E+00 
3.16227766020E+00 3.57167468290E+00 3.98107170550E+00 1.98103960058E+01 3.69641302759E-01 1.35117172816E+01 2.51983437444E-01 2.99095996796E+01 5.58537671877E-01 1.47802177861E+01 2.75783429872E-01 1.81101844331E+01 3.37741415919E-01 2.71962593395E+01 5.07453799993E-01 2.17868570319E+01 4.06851998505E-01 
3.98107170550E+00 4.49647202090E+00 5.01187233630E+00 1.62244460529E+01 3.06622117551E-01 1.10638356747E+01 2.08533604878E-01 2.45004290901E+01 4.64501350540E-01 1.21047982105E+01 2.28765829525E-01 1.48292108567E+01 2.79504223341E-01 2.22733681025E+01 4.20939320232E-01 1.78466897425E+01 3.38353726687E-01 
5.01187233630E+00 5.66072289050E+00 6.30957344480E+00 1.22870557638E+01 2.10822230773E-01 8.38658217638E+00 1.43641480117E-01 1.85360031973E+01 3.18786614920E-01 9.16717465344E+00 1.57291075053E-01 1.12408028389E+01 1.92527244534E-01 1.68680098558E+01 2.89422587056E-01 1.35020614095E+01 2.32211680441E-01 
6.30957344480E+00 7.12642789600E+00 7.94328234720E+00 1.00394131565E+01 1.93862786006E-01 6.84657358457E+00 1.31851459156E-01 1.51596944413E+01 2.93775739406E-01 7.49024466015E+00 1.44637906126E-01 9.17668034093E+00 1.76724704441E-01 1.37823839431E+01 2.66140192398E-01 1.10426785706E+01 2.13993169496E-01 
7.94328234720E+00 8.97164117360E+00 1.00000000000E+01 8.28268206980E+00 1.49364657688E-01 5.64323415423E+00 1.00920152806E-01 1.25357053740E+01 2.40590147496E-01 6.17957585547E+00 1.11438568392E-01 7.56380622845E+00 1.35266490724E-01 1.13706949385E+01 2.05051931594E-01 9.13130311675E+00 1.75251531378E-01 
1.00000000000E+01 1.12946270590E+01 1.25892541180E+01 6.45810845985E+00 1.02174112104E-01 4.40411016725E+00 6.95356211350E-02 9.75205866808E+00 1.54677449978E-01 4.81829083554E+00 7.62304614488E-02 5.90296893651E+00 9.32008046921E-02 8.86586984251E+00 1.40267445928E-01 7.10362927769E+00 1.12670698532E-01 
1.25892541180E+01 1.42190930210E+01 1.58489319250E+01 5.11174791063E+00 7.34531015033E-02 3.48415811639E+00 4.98900128681E-02 7.72351340000E+00 1.11473175341E-01 3.81379288756E+00 5.48021774517E-02 4.66992794228E+00 6.68691710734E-02 7.01754885738E+00 1.00838448519E-01 5.62598911494E+00 8.11996870588E-02 
1.58489319250E+01 1.79007775370E+01 1.99526231500E+01 4.08272632483E+00 7.36839851856E-02 2.78189359360E+00 4.98124885276E-02 6.17079175434E+00 1.12351981488E-01 3.04605643543E+00 5.49744360517E-02 3.72866046581E+00 6.67652627340E-02 5.60487957482E+00 1.01155412020E-01 4.49495008842E+00 8.18398301596E-02 
1.99526231500E+01 2.25357437320E+01 2.51188643150E+01 3.15840191794E+00 4.93441782775E-02 2.15135226533E+00 3.35615539215E-02 4.77567894619E+00 7.47531017724E-02 2.35643286431E+00 3.68148976526E-02 2.88352586820E+00 4.49836181969E-02 4.33594147402E+00 6.77410521685E-02 3.47871705221E+00 5.44519204022E-02 
2.51188643150E+01 2.83708204580E+01 3.16227766020E+01 2.49429719003E+00 3.66038696763E-02 1.69803506918E+00 2.48322253066E-02 3.77386548735E+00 5.56159900542E-02 1.86095500974E+00 2.73095583485E-02 2.27593041175E+00 3.32834214047E-02 3.42424014289E+00 5.02508042867E-02 2.74897252757E+00 4.05119973850E-02 
3.16227766020E+01 3.57167468290E+01 3.98107170550E+01 1.92149695639E+00 2.52754856804E-02 1.30811361484E+00 1.71201344874E-02 2.90717680206E+00 3.84715295086E-02 1.43359796962E+00 1.88576332799E-02 1.75330628450E+00 2.29466607850E-02 2.63788414580E+00 3.46988855394E-02 2.11765607130E+00 2.80235684255E-02 
3.98107170550E+01 4.49647202090E+01 5.01187233630E+01 1.53024254687E+00 1.92976052877E-02 1.04157324835E+00 1.30885209889E-02 2.31566531216E+00 2.93285148808E-02 1.14168934843E+00 1.43976328802E-02 1.39605375358E+00 1.75429609814E-02 2.10075927531E+00 2.64922860642E-02 1.68678516698E+00 2.13635811749E-02 
5.01187233630E+01 5.66072289050E+01 6.30957344480E+01 1.16114513238E+00 1.49135935331E-02 7.89612012057E-01 1.00889907200E-02 1.75895753063E+00 2.27290067321E-02 8.66311704875E-01 1.11267922322E-02 1.05834209456E+00 1.35225951576E-02 1.59405214020E+00 2.04737935218E-02 1.28126610369E+00 1.65563439649E-02 
6.30957344480E+01 7.12642789600E+01 7.94328234720E+01 9.14203873157E-01 1.11693378053E-02 6.21308920498E-01 7.55545071285E-03 1.38580066013E+00 1.70270312935E-02 6.82072803704E-01 8.33326326439E-03 8.32760107808E-01 1.01268109028E-02 1.25504435227E+00 1.53335757404E-02 1.00944984820E+00 1.24028907255E-02 
7.94328234720E+01 8.97164117360E+01 1.00000000000E+02 6.72684984263E-01 8.73471710966E-03 4.56790146697E-01 5.91380367782E-03 1.02063662745E+00 1.32995672521E-02 5.01879445820E-01 6.51683192718E-03 6.12250362516E-01 7.92645916676E-03 9.23480544276E-01 1.19912611389E-02 7.43455764099E-01 9.68771810420E-03 
#nx: 3
