#labels: pt_diff_lower[1]   pt_diff_center[2]   pt_diff_upper[3]   tot_scale01[4]   tot_scale01_Err[5]   tot_scale02[6]   tot_scale02_Err[7]   tot_scale03[8]   tot_scale03_Err[9]   tot_scale04[10]  tot_scale04_Err[11]  tot_scale05[12]  tot_scale05_Err[13]  tot_scale06[14]  tot_scale06_Err[15]  tot_scale07[16]  tot_scale07_Err[17] 
#neval: 1441220
#overflow:lower center upper   -5.5928336309E+001    3.1731500598E+000   -3.7438737623E+001    2.1077904041E+000   -8.6120629230E+001    4.9285041023E+000   -4.1727232047E+001    2.3674362157E+000   -5.0180330832E+001    2.8251385201E+000   -7.6779966349E+001    4.3561881309E+000   -6.2732295203E+001    3.5900384963E+000
    1.0000000000E-002    1.1294627059E-002    1.2589254118E-002   -1.3671003287E+003    2.3975805651E+003   -9.0482080308E+002    1.6103713779E+003   -2.1316467553E+003    3.6779192613E+003   -1.0199715638E+003    1.7887962917E+003   -1.2127601016E+003    2.1584319781E+003   -1.8767931278E+003    3.2914648862E+003   -1.5527417149E+003    2.6790830362E+003
    1.2589254118E-002    1.4219093021E-002    1.5848931925E-002    4.3138809074E+003    1.6283680122E+003    2.9012413758E+003    1.0941782942E+003    6.6079387009E+003    2.4969580621E+003    3.2185171511E+003    1.2148991797E+003    3.8886260943E+003    1.4665619698E+003    5.9222149765E+003    2.2354686271E+003    4.8133782228E+003    1.8188430770E+003
    1.5848931925E-002    1.7900777537E-002    1.9952623150E-002    8.3513595368E+003    2.3835920917E+003    5.6089712820E+003    1.6026852656E+003    1.2810500670E+004    3.6520678288E+003    6.2308150088E+003    1.7783597167E+003    7.5178826110E+003    2.1481300372E+003    1.1464977264E+004    3.2722611233E+003    9.3314704840E+003    2.6602522437E+003
    1.9952623150E-002    2.2535743732E-002    2.5118864315E-002    3.6722663076E+003    1.8442635565E+003    2.4767764630E+003    1.2377802081E+003    5.6056703341E+003    2.8318399312E+003    2.7398188193E+003    1.3759753723E+003    3.3197022710E+003    1.6590361823E+003    5.0413887150E+003    2.5318559991E+003    4.0833023325E+003    2.0627789198E+003
    2.5118864315E-002    2.8370820458E-002    3.1622776602E-002    3.1644240813E+003    1.9733349271E+003    2.1329819488E+003    1.3268405413E+003    4.8355091380E+003    3.0239540950E+003    2.3609259035E+003    1.4722734457E+003    2.8589035487E+003    1.7784065797E+003    4.3442088663E+003    2.7090487452E+003    3.5222987735E+003    2.2027194026E+003
    3.1622776602E-002    3.5716746829E-002    3.9810717055E-002   -2.5527800471E+003    1.4687272487E+003   -1.7147783524E+003    9.8342490148E+002   -3.9168652127E+003    2.2616703614E+003   -1.9045881287E+003    1.0957937740E+003   -2.2983719668E+003    1.3181156748E+003   -3.5045270260E+003    2.0163093732E+003   -2.8531368964E+003    1.6474539728E+003
    3.9810717055E-002    4.4964720209E-002    5.0118723363E-002    3.4385788239E+002    1.5302430106E+003    2.1369697754E+002    1.0229461582E+003    5.7261966080E+002    2.3603243061E+003    2.5654683469E+002    1.1416896944E+003    2.8642485595E+002    1.3710872722E+003    4.7205760766E+002    2.1007599119E+003    4.1710965098E+002    1.7193158303E+003
    5.0118723363E-002    5.6607228905E-002    6.3095734448E-002    2.1467757088E+003    7.9249478211E+002    1.4359115282E+003    5.2954419915E+002    3.3082676805E+003    1.2229172656E+003    1.6016748229E+003    5.9126760871E+002    1.9245978926E+003    7.0976493307E+002    2.9471530454E+003    1.0879587472E+003    2.4098201163E+003    8.9080174638E+002
    6.3095734448E-002    7.1264278960E-002    7.9432823472E-002    2.5319037119E+002    1.3399631479E+003    1.8451494295E+002    8.9671258636E+002    3.5140919835E+002    2.0641436760E+003    1.8890126308E+002    9.9972494974E+002    2.4731124681E+002    1.2018924008E+003    3.4758674158E+002    1.8395384557E+003    2.5597473875E+002    1.5035708817E+003
    7.9432823472E-002    8.9716411736E-002    1.0000000000E-001   -2.8583471550E+002    1.0855422753E+003   -2.0305801055E+002    7.2650983214E+002   -4.0955724712E+002    1.6723800911E+003   -2.1325668324E+002    8.0990562933E+002   -2.7216511011E+002    9.7376423575E+002   -3.9240179998E+002    1.4902624477E+003   -2.9833114736E+002    1.2182010571E+003
    1.0000000000E-001    1.1294627059E-001    1.2589254118E-001   -9.0048635710E+001    5.1056959404E+002   -6.1346869898E+001    3.4042866158E+002   -1.3606593489E+002    7.8997477423E+002   -6.7183838563E+001    3.8092776100E+002   -8.2225160954E+001    4.5628736296E+002   -1.2362125670E+002    7.0092405454E+002   -9.9113632483E+001    5.7543623617E+002
    1.2589254118E-001    1.4219093021E-001    1.5848931925E-001    3.5751415760E+002    3.3994651339E+002    2.3899902716E+002    2.2662811356E+002    5.5186006122E+002    5.2595127955E+002    2.6673556195E+002    2.5362862519E+002    3.2033799782E+002    3.0375686885E+002    4.9080531983E+002    4.6668797216E+002    4.0198786958E+002    3.8311530265E+002
    1.5848931925E-001    1.7900777537E-001    1.9952623150E-001   -1.8047833121E+002    2.3764790533E+002   -1.2011615653E+002    1.5937076097E+002   -2.7996802593E+002    3.6529752332E+002   -1.3465197971E+002    1.7730527931E+002   -1.6099550507E+002    2.1360969996E+002   -2.4776564282E+002    3.2624961474E+002   -2.0393530571E+002    2.6609132185E+002
    1.9952623150E-001    2.2535743732E-001    2.5118864315E-001    1.1123322866E+002    1.9738944771E+002    7.4623172569E+001    1.3165619708E+002    1.7065770389E+002    3.0524310370E+002    8.2989322586E+001    1.4726909169E+002    1.0001981170E+002    1.7646298848E+002    1.5270405160E+002    2.7098169109E+002    1.2431109196E+002    2.2234626781E+002
    2.5118864315E-001    2.8370820458E-001    3.1622776602E-001   -4.6868428303E+001    1.4827332789E+002   -3.4001125446E+001    9.8677664415E+001   -6.4720600523E+001    2.2996365276E+002   -3.4967780423E+001    1.1062434479E+002   -4.5572789892E+001    1.3226081221E+002   -6.4342274157E+001    2.0355372388E+002   -4.7144010141E+001    1.6751094227E+002
    3.1622776602E-001    3.5716746829E-001    3.9810717055E-001   -3.3167153006E+001    1.0438891558E+002   -1.9294679217E+001    6.9538940727E+001   -5.8912934424E+001    1.6182104912E+002   -2.4745479325E+001    7.7882890692E+001   -2.5861272251E+001    9.3205254046E+001   -4.5532784627E+001    1.4330798937E+002   -4.2913569335E+001    1.1787426444E+002
    3.9810717055E-001    4.4964720209E-001    5.0118723363E-001   -1.5101604161E+001    7.3090837840E+001   -1.1159120439E+001    4.8908255602E+001   -2.0613575426E+001    1.1265771124E+002   -1.1267063937E+001    5.4531898359E+001   -1.4956924057E+001    6.5553290584E+001   -2.0731899710E+001    1.0034112295E+002   -1.5015413965E+001    8.2062530915E+001
    5.0118723363E-001    5.6607228905E-001    6.3095734448E-001    9.3449220262E+000    4.3571122118E+001    6.4898857787E+000    2.9183881326E+001    1.3770603549E+001    6.7059858056E+001    6.9720959996E+000    3.2507713319E+001    8.6986003297E+000    3.9116084379E+001    1.2828967319E+001    5.9815641065E+001    1.0030832040E+001    4.8847980437E+001
    6.3095734448E-001    7.1264278960E-001    7.9432823472E-001   -5.4103166999E+001    3.5528965899E+001   -3.6224990724E+001    2.3789727129E+001   -8.3344352588E+001    5.4712374016E+001   -4.0365502584E+001    2.6507589931E+001   -4.8553507257E+001    3.1886127938E+001   -7.4274323459E+001    4.8775146663E+001   -6.0709989893E+001    3.9853782175E+001
    7.9432823472E-001    8.9716411736E-001    1.0000000000E+000    4.9651801672E+001    3.1293977793E+001    3.2922189952E+001    2.0853441346E+001    7.7305625393E+001    4.8444528621E+001    3.7044410519E+001    2.3347933430E+001    4.4126658333E+001    2.7950530712E+001    6.8163366070E+001    4.2961237906E+001    5.6311238741E+001    3.5288135928E+001
    1.0000000000E+000    1.1294627059E+000    1.2589254118E+000   -3.1469316666E+001    2.1527825450E+001   -2.0668295206E+001    1.4284815256E+001   -4.9506146165E+001    3.3491397781E+001   -2.3478750943E+001    1.6061564268E+001   -2.7702373450E+001    1.9146392237E+001   -4.3201947958E+001    2.9553993963E+001   -3.6061443157E+001    2.4395923151E+001
    1.2589254118E+000    1.4219093021E+000    1.5848931925E+000   -5.2578715723E+000    1.8080520761E+001   -3.7418528120E+000    1.2070160184E+001   -7.5053070039E+000    2.7940557275E+001   -3.9228134009E+000    1.3489585693E+001   -5.0153243392E+000    1.6178019605E+001   -7.2181514600E+000    2.4821438777E+001   -5.4670424354E+000    2.0352560157E+001
    1.5848931925E+000    1.7900777537E+000    1.9952623150E+000   -2.1124405159E+000    1.3207843527E+001   -1.3930659816E+000    8.8434788318E+000   -3.3068027214E+000    2.0334077616E+001   -1.5760578878E+000    9.8541595916E+000   -1.8671706437E+000    1.1853195958E+001   -2.9000167434E+000    1.8132092754E+001   -2.4087530056E+000    1.4811821176E+001
    1.9952623150E+000    2.2535743732E+000    2.5118864315E+000   -6.6360824444E+000    7.5478383719E+000   -4.4728722183E+000    5.0456419432E+000   -1.0131918538E+001    1.1641817749E+001   -4.9510743625E+000    5.6313207933E+000   -5.9951329006E+000    6.7628343807E+000   -9.1101974490E+000    1.0361881194E+001   -7.3803281558E+000    8.4801743121E+000
    2.5118864315E+000    2.8370820458E+000    3.1622776602E+000   -1.1450672456E+001    6.9164556040E+000   -7.5239472631E+000    4.5446888822E+000   -1.8003323164E+001    1.0878996652E+001   -8.5431625217E+000    5.1602562667E+000   -1.0084585827E+001    6.0913910595E+000   -1.5719799727E+001    9.4951014740E+000   -1.3114044724E+001    7.9245174541E+000
    3.1622776602E+000    3.5716746829E+000    3.9810717055E+000    1.0151635297E+001    5.4956660220E+000    6.6587088709E+000    3.6125450643E+000    1.5992522599E+001    8.6400234092E+000    7.5739717940E+000    4.1002280147E+000    8.9248792900E+000    4.8420090521E+000    1.3936445601E+001    7.5446022549E+000    1.1649330221E+001    6.2935965972E+000
    3.9810717055E+000    4.4964720209E+000    5.0118723363E+000   -2.3985850614E+000    2.7279557178E+000   -1.6060929573E+000    1.8244639336E+000   -3.6919382467E+000    4.2053927735E+000   -1.7895457302E+000    2.0352838786E+000   -2.1526974749E+000    2.4453870401E+000   -3.2928438865E+000    3.7450130298E+000   -2.6892947954E+000    3.0633071690E+000
    5.0118723363E+000    5.6607228905E+000    6.3095734448E+000    6.7146983712E-001    2.2761916498E+000    4.2815424918E-001    1.5177191965E+000    1.0878729349E+000    3.5204358173E+000    5.0097284408E-001    1.6982299747E+000    5.7386875827E-001    2.0342473124E+000    9.2181235668E-001    3.1248188273E+000    7.9243227447E-001    2.5643683855E+000
    6.3095734448E+000    7.1264278960E+000    7.9432823472E+000    3.1681332983E-001    1.9408667122E+000    2.0872263611E-001    1.2985212712E+000    4.9617979935E-001    2.9908398564E+000    2.3636932907E-001    1.4480494328E+000    2.7975758792E-001    1.7404493612E+000    4.3493009821E-001    2.6644754821E+000    3.6142905509E-001    2.1785982111E+000
    7.9432823472E+000    8.9716411736E+000    1.0000000000E+001   -2.3568852695E+000    2.4847302065E+000   -1.5588567296E+000    1.6676341035E+000   -3.6760806624E+000    3.8151935426E+000   -1.7584341863E+000    1.8538172373E+000   -2.0893852564E+000    2.2351830305E+000   -3.2355972593E+000    3.4111063235E+000   -2.6777437574E+000    2.7790768567E+000
    1.0000000000E+001    1.1294627059E+001    1.2589254118E+001   -2.0895972366E+000    1.6458336411E+000   -1.4094407772E+000    1.1065777283E+000   -3.1908452060E+000    2.5221816151E+000   -1.5590148846E+000    1.2279300044E+000   -1.8891183031E+000    1.4831813256E+000   -2.8686568580E+000    2.2594459252E+000   -2.3242868196E+000    1.8372165072E+000
    1.2589254118E+001    1.4219093021E+001    1.5848931925E+001   -6.8133355992E-001    4.3031140422E-001   -4.5039743209E-001    2.8726172340E-001   -1.0649995481E+000    6.6484936059E-001   -5.0833200900E-001    3.2104841662E-001   -6.0368200380E-001    3.8502602467E-001   -9.3535354805E-001    5.9074339264E-001   -7.7577076063E-001    4.8429193711E-001
    1.5848931925E+001    1.7900777537E+001    1.9952623150E+001   -1.0018868174E+000    3.1584610918E-001   -6.7423377339E-001    2.1045705459E-001   -1.5328426262E+000    4.8903802562E-001   -7.4749163793E-001    2.3564770130E-001   -9.0369697149E-001    2.8208228416E-001   -1.3754179223E+000    4.3360227095E-001   -1.1165586804E+000    3.5622681886E-001
    1.9952623150E+001    2.2535743732E+001    2.5118864315E+001    1.8028306715E-001    2.3999805051E-001    1.1935354343E-001    1.5943903131E-001    2.8101412758E-001    3.7282605827E-001    1.3450629633E-001    1.7905868483E-001    1.5997335048E-001    2.1370120487E-001    2.4749757891E-001    3.2947595902E-001    2.0469731080E-001    2.7157528406E-001
    2.5118864315E+001    2.8370820458E+001    3.1622776602E+001   -3.3882351161E-001    1.6911123195E-001   -2.2577564278E-001    1.1223437183E-001   -5.2432790114E-001    2.6301032034E-001   -2.5279077163E-001    1.2617116980E-001   -3.0261427515E-001    1.5043129835E-001   -4.6514628427E-001    2.3216057468E-001   -3.8193279557E-001    1.9158291346E-001
    3.1622776602E+001    3.5716746829E+001    3.9810717055E+001   -1.6199481981E-001    1.1770961582E-001   -1.1038748189E-001    7.8172642060E-002   -2.4449397739E-001    1.8301112549E-001   -1.2086172918E-001    8.7821250860E-002   -1.4795585301E-001    1.0477727855E-001   -2.2239096734E-001    1.6159501494E-001   -1.7809517304E-001    1.3330961528E-001
    3.9810717055E+001    4.4964720209E+001    5.0118723363E+001   -1.6776140480E-001    7.7202259296E-002   -1.1201737115E-001    5.1172025019E-002   -2.5903087951E-001    1.2030434267E-001   -1.2516408548E-001    5.7599363770E-002   -1.5014044544E-001    6.8587492736E-002   -2.3030749464E-001    1.0598539599E-001   -1.8868419501E-001    8.7632517390E-002
    5.0118723363E+001    5.6607228905E+001    6.3095734448E+001   -7.2068911286E-002    5.0878999954E-002   -4.9059835646E-002    3.3807331050E-002   -1.0878033631E-001    7.9009254972E-002   -5.3769455396E-002    3.7960003416E-002   -6.5756458138E-002    4.5313041100E-002   -9.8938193919E-002    6.9848097800E-002   -7.9238159666E-002    5.7552202661E-002
    6.3095734448E+001    7.1264278960E+001    7.9432823472E+001   -1.1531678092E-001    3.4077258669E-002   -7.7089096523E-002    2.2576378209E-002   -1.7779884309E-001    5.3100143009E-002   -8.6035995239E-002    2.5424494520E-002   -1.0332496800E-001    3.0259837789E-002   -1.5831006504E-001    4.6782202843E-002   -1.2951286598E-001    3.8679395128E-002
    7.9432823472E+001    8.9716411736E+001    1.0000000000E+002   -9.6799691750E-002    2.1660568707E-002   -6.4497827436E-002    1.4322211129E-002   -1.4980514583E-001    3.3832215936E-002   -7.2220692877E-002    1.6160601876E-002   -8.6448489563E-002    1.9196515115E-002   -1.3288929308E-001    2.9736227576E-002   -1.0912159740E-001    2.4644183124E-002
#nx: 3
