6.692467184857993852e+05 3.881060584343711962e+05 -6.310169477543417364e+06
6.757415389032638632e+05 3.928589243866101024e+05 -6.309189716477642767e+06
6.655076586308934493e+05 3.854680392020682921e+05 -6.310722874337488785e+06
6.716009837868275354e+05 3.900775348935971851e+05 -6.309800262630674988e+06
6.721287646363712847e+05 3.887205297874571406e+05 -6.309827625642555766e+06
6.686711083345230436e+05 3.880296378371180035e+05 -6.310234759097993374e+06
6.612766313287738012e+05 3.833175345597582636e+05 -6.311294755373586901e+06
6.662769597935300553e+05 3.862362462123727892e+05 -6.310595586099650711e+06
6.711459509815692436e+05 3.891462884522846434e+05 -6.309905470773885027e+06
6.659711096214915160e+05 3.870839310254427837e+05 -6.310576063115952536e+06
6.674077543859446887e+05 3.858569410713802790e+05 -6.310499942298598588e+06
6.671651676025633933e+05 3.861203977073947317e+05 -6.310509415507633239e+06
6.626425250403110404e+05 3.855457976590711623e+05 -6.311017627922889777e+06
6.738177334253313020e+05 3.907456923527275212e+05 -6.309524438650951721e+06
6.724896833590422757e+05 3.902823236347541679e+05 -6.309693662793353200e+06
6.687206525435983203e+05 3.874488035961008864e+05 -6.310264995049060322e+06
6.697682817478541983e+05 3.867671136279076454e+05 -6.310196169418853708e+06
6.651207689346146071e+05 3.860286821563335252e+05 -6.310729349146746099e+06
6.655366108138365671e+05 3.871890445879590698e+05 -6.310615189690797590e+06
6.716407466804579599e+05 3.891183338835670147e+05 -6.309854887631969526e+06
6.701327895378981484e+05 3.890322125030942843e+05 -6.310019418552695774e+06
6.679390254840973066e+05 3.886625122205294902e+05 -6.310273085691087879e+06
6.710235676958779804e+05 3.906753853777456679e+05 -6.309824543427241035e+06
6.737757394835676532e+05 3.913768047127083992e+05 -6.309490038894937374e+06
6.630287154026346980e+05 3.841100491392945405e+05 -6.311064300156947225e+06
6.622621312930146232e+05 3.849007762102413108e+05 -6.311096397588891909e+06
6.619321760095969075e+05 3.831346731628333800e+05 -6.311237524414222687e+06
6.634680603685741080e+05 3.848396922300052247e+05 -6.310974283667052165e+06
6.771258141007783124e+05 3.929086565537803108e+05 -6.309039218264600262e+06
6.746942226939497050e+05 3.908480906251505949e+05 -6.309425100561988540e+06
6.634893250473716762e+05 3.853208018462872133e+05 -6.310942903354098089e+06
6.725464493734742282e+05 3.909098698609544663e+05 -6.309649065081144683e+06
6.606598070466390345e+05 3.836899307503133314e+05 -6.311336444426215254e+06
6.768876198148000985e+05 3.920038230786856730e+05 -6.309120515398253687e+06
6.655043395700234687e+05 3.875243353979263338e+05 -6.310598127252941020e+06
6.727920481207126286e+05 3.894740379818935180e+05 -6.309711255063232034e+06
6.750145782633851049e+05 3.902719733605914516e+05 -6.309426488327531144e+06
6.686355798436444020e+05 3.883882627706109197e+05 -6.310216583481889218e+06
6.697732115300615551e+05 3.874321343688700581e+05 -6.310155126858469099e+06
6.771323874645123724e+05 3.932737893185345456e+05 -6.309015919759548269e+06
6.672665680558917811e+05 3.853341200330547290e+05 -6.310546505179559812e+06
6.687935913038015133e+05 3.871663274870735477e+05 -6.310274538378303871e+06
6.672481116924323142e+05 3.886246237066300237e+05 -6.310348008873711340e+06
6.728434571389080957e+05 3.885255111676463857e+05 -6.309763895829377696e+06
6.671756091444824124e+05 3.873680224656598875e+05 -6.310432368742756546e+06
6.787200881980005652e+05 3.930453871486587450e+05 -6.308860593856366351e+06
6.651530767217634711e+05 3.843266979576852755e+05 -6.310829151832466014e+06
6.743528930931058712e+05 3.923767612972076167e+05 -6.309367100491047837e+06
6.710982538139843382e+05 3.877376638434426277e+05 -6.309996644621177576e+06
6.596405816737957066e+05 3.826388985692578717e+05 -6.311505718529677950e+06
6.732359004167325329e+05 3.920121929540902493e+05 -6.309508097194856033e+06
6.619590611477079801e+05 3.841668489568625810e+05 -6.311172398720385507e+06
6.761820462736255722e+05 3.919462681469069212e+05 -6.309199219823744148e+06
6.647412856824528426e+05 3.845135074265801813e+05 -6.310860946900043637e+06
6.676852147398025263e+05 3.881486503100418486e+05 -6.310331183395319618e+06
6.692166122985887341e+05 3.898771668545723660e+05 -6.310064198769881390e+06
6.736315857634000713e+05 3.892974818905793363e+05 -6.309633102814489976e+06
6.748971505688733887e+05 3.917377926955894218e+05 -6.309348734673710540e+06
6.756701833499302156e+05 3.910114491096736165e+05 -6.309311305580076762e+06
6.679389996465488803e+05 3.873210056513693416e+05 -6.310355019243176095e+06
6.705547117299945094e+05 3.899768602793958853e+05 -6.309916974108416587e+06
6.770794030790164834e+05 3.915014750450821593e+05 -6.309131057876327075e+06
6.779731596775805810e+05 3.922928721651265514e+05 -6.308986890538188629e+06
6.708496554012701381e+05 3.883508560045621707e+05 -6.309985445491422899e+06
6.624538041965909069e+05 3.831027247588366736e+05 -6.311185086271939799e+06
6.601581413666695589e+05 3.823691978944790899e+05 -6.311468202802858315e+06
6.787853215984939598e+05 3.935629876802930958e+05 -6.308821570416575298e+06
6.694281139123722678e+05 3.869132680299775675e+05 -6.310223124324787408e+06
6.602992468260022579e+05 3.837959181353614549e+05 -6.311367523165530525e+06
6.638862892237404594e+05 3.859931440488027292e+05 -6.310860624396041967e+06
6.643447639735179255e+05 3.850655741804867284e+05 -6.310868986102031544e+06
6.724994047329415334e+05 3.912701215547638712e+05 -6.309631865860578604e+06
6.636230856016327161e+05 3.863648095898132888e+05 -6.310865530942932703e+06
6.788003949829478515e+05 3.939983127596197883e+05 -6.308792969399870373e+06
6.752197713318405440e+05 3.900589571856464026e+05 -6.309417763781770132e+06
6.701004403186752461e+05 3.894049658897295594e+05 -6.309999992477256805e+06
6.764676479663798818e+05 3.940548678676381824e+05 -6.309038341540968046e+06
6.782727827826145804e+05 3.951539953158047283e+05 -6.308777539396411739e+06
6.583136718946566107e+05 3.801066663092921372e+05 -6.311795311531083658e+06
6.788979412640036317e+05 3.949134676753978129e+05 -6.308725706138844602e+06
6.655292793220948661e+05 3.834470091051638010e+05 -6.310842907991112210e+06
6.833317096131047001e+05 3.970031736653998960e+05 -6.308119914836506359e+06
6.804460069027558202e+05 3.933950935513561126e+05 -6.308654270377429202e+06
6.612611138904937543e+05 3.859837305558826192e+05 -6.311134961036643013e+06
6.793674297578311525e+05 3.924802442475791904e+05 -6.308826332510077395e+06
6.598079666452471865e+05 3.844074740543370135e+05 -6.311381588775809854e+06
6.814675722851499449e+05 3.944179886505794711e+05 -6.308481297181518748e+06
6.742299447073906194e+05 3.889204003407694981e+05 -6.309592718482077122e+06
6.812720035650891950e+05 3.955803880125531578e+05 -6.308429983408574015e+06
6.595599114241938805e+05 3.811908561209716136e+05 -6.311601127830279060e+06
6.676286784665179439e+05 3.845717554454809288e+05 -6.310554656307763420e+06
6.816800588790428592e+05 3.938097368779763347e+05 -6.308496238941906020e+06
6.693893263649501605e+05 3.857822676937661017e+05 -6.310295993808627129e+06
6.556924308298722608e+05 3.791961519054403179e+05 -6.312120725497551262e+06
6.743604604057669640e+05 3.936052481794708874e+05 -6.309290290189886466e+06
6.670905679769113194e+05 3.848193956185195711e+05 -6.310596186742124148e+06
6.622916057703599799e+05 3.817978555712743546e+05 -6.311280538875143044e+06
6.578995420348778134e+05 3.823597339113617782e+05 -6.311703026940465905e+06
6.657884773282215465e+05 3.884654662648782833e+05 -6.310510879953934811e+06
6.815058897027039202e+05 3.962986258351937286e+05 -6.308360112116111442e+06
6.774450645472719334e+05 3.939114936445853673e+05 -6.308943060017986223e+06
6.557297428205178585e+05 3.797057202913259971e+05 -6.312086447862539440e+06
6.588725896751171676e+05 3.811845025666101137e+05 -6.311672815466549248e+06
6.733649360643163091e+05 3.926989015477131470e+05 -6.309452002475478686e+06
6.566846230686306953e+05 3.823047137798819458e+05 -6.311832009229531512e+06
6.579429802937902277e+05 3.811732391283872421e+05 -6.311769814290788956e+06
6.604865577133833431e+05 3.809747568957197946e+05 -6.311517834068432450e+06
6.635669259148034034e+05 3.869753855695997481e+05 -6.310834236702416092e+06
6.719205819175514625e+05 3.877004894454805180e+05 -6.309911986657447182e+06
6.559541509966071462e+05 3.816078505454183905e+05 -6.311949343843249604e+06
6.560650699061193736e+05 3.809380240701298462e+05 -6.311978082975083962e+06
6.769001487957690842e+05 3.908948076211163425e+05 -6.309187528074182570e+06
6.814337161597785307e+05 3.952697348064944963e+05 -6.308431976297134534e+06
6.832295225257162238e+05 3.952277368988951785e+05 -6.308241649656866677e+06
6.628858643067146186e+05 3.824684294875411433e+05 -6.311178237659704871e+06
6.761353846561557148e+05 3.895940478176519973e+05 -6.309348898530453444e+06
6.633750373736384790e+05 3.832622693254951737e+05 -6.311079346737710759e+06
6.768714116130027687e+05 3.939584306909547886e+05 -6.309001308352896944e+06
6.544423122810827335e+05 3.793406325019375654e+05 -6.312240969193135388e+06
6.611426697531002574e+05 3.854001216690526926e+05 -6.311182714184508659e+06
6.718621591348067159e+05 3.915475752139792312e+05 -6.309682202358817682e+06
6.647290622117578750e+05 3.834211640274230740e+05 -6.310928241247398779e+06
6.561455732517559081e+05 3.806217151766932220e+05 -6.311988725065874867e+06
6.614427404536240501e+05 3.851570448613918270e+05 -6.311166222664000466e+06
6.686782393059550086e+05 3.903063562545442255e+05 -6.310094535933190025e+06
6.800068913503860822e+05 3.925150727508930722e+05 -6.308755747990081087e+06
6.762277899180379463e+05 3.943967604542906047e+05 -6.309042662458905019e+06
6.800268553991807858e+05 3.921517153661732445e+05 -6.308776055914805271e+06
6.784098589904514374e+05 3.914686978818486677e+05 -6.308991111946261488e+06
6.741006698645375436e+05 3.884685030079593998e+05 -6.309634090810166672e+06
6.829645637376154773e+05 3.956928904339220608e+05 -6.308241184011618607e+06
6.652440522067219717e+05 3.878004789001832833e+05 -6.310608537558873184e+06
6.795603429167845752e+05 3.956333727502365364e+05 -6.308610061246884055e+06
6.586289671190896770e+05 3.840411491706374218e+05 -6.311526060131102800e+06
6.552753792845068965e+05 3.808162953882294241e+05 -6.312066860215876251e+06
6.722774671459061792e+05 3.873478059155010851e+05 -6.309895742656867951e+06
6.714197681719549000e+05 3.921268862998490804e+05 -6.309693242964603007e+06
6.605353021450199885e+05 3.814542490720505593e+05 -6.311483999567294493e+06
6.536821535546893720e+05 3.793089207128821290e+05 -6.312321100519910455e+06
6.578263813983645523e+05 3.803185931820061523e+05 -6.311833095723719336e+06
6.765473898144641425e+05 3.903800933123925934e+05 -6.309256766899790615e+06
6.782740020386899123e+05 3.954935539349080645e+05 -6.308756273993023671e+06
6.807573036756636575e+05 3.945917498734034016e+05 -6.308546676069032401e+06
6.813099580425581662e+05 3.966564515056295786e+05 -6.308358795689806342e+06
6.665208589313764824e+05 3.891791834915872896e+05 -6.310390402806360275e+06
6.748870762709499104e+05 3.933694752814114327e+05 -6.309248964204273187e+06
6.584738241489910288e+05 3.833906883276678273e+05 -6.311581420049670152e+06
6.677836441818220774e+05 3.895055263257502229e+05 -6.310237789314439520e+06
6.579425474112267839e+05 3.815148196612708271e+05 -6.311749359641119838e+06
6.574150182077125646e+05 3.830364892321272637e+05 -6.311712415570709854e+06
6.630641941317880992e+05 3.863566147646722966e+05 -6.310924381605055183e+06
6.692878721851785667e+05 3.853499559381538420e+05 -6.310332920906478539e+06
6.747846740084183402e+05 3.884221734661331284e+05 -6.309564299140366726e+06
6.707290138901504688e+05 3.927299527234367561e+05 -6.309728960656979121e+06
6.766592660221928963e+05 3.889264220829287078e+05 -6.309334025439589284e+06
6.495334658384481445e+05 3.772357541003877413e+05 -6.312869875309792347e+06
6.871084286573580466e+05 3.992672277965111425e+05 -6.307570452077236027e+06
6.870810344601951074e+05 3.968967329639788950e+05 -6.307722019054529257e+06
6.869871018475865712e+05 3.980165682857245556e+05 -6.307662091639927588e+06
6.748033315904381452e+05 3.948637964943666593e+05 -6.309165140974554233e+06
6.798688896496486850e+05 3.911390767623772845e+05 -6.308855409938708879e+06
6.487619590672558406e+05 3.758606241230074666e+05 -6.313030149962607771e+06
6.591899207567838021e+05 3.800057562623859267e+05 -6.311710505968200974e+06
6.791320915942087304e+05 3.967593346545842360e+05 -6.308585629135142080e+06
6.848139801308368333e+05 3.990591209350790596e+05 -6.307831383833962493e+06
6.668882447474666405e+05 3.904586012999070808e+05 -6.310273340685682371e+06
6.507292667270826641e+05 3.781536704701588023e+05 -6.312692996866856702e+06
6.830784822425885359e+05 3.974821490046341205e+05 -6.308117196490585804e+06
6.650723600371143548e+05 3.827000570928618545e+05 -6.310935791256049648e+06
6.745265323063319083e+05 3.941741068724027136e+05 -6.309237380055324174e+06
6.632043328274171799e+05 3.815180689635765157e+05 -6.311202140548524447e+06
6.841388787158832420e+05 3.983395323657340487e+05 -6.307949327661363408e+06
6.854049021873982856e+05 3.987342376328332466e+05 -6.307788039331628010e+06
6.900285416041479912e+05 4.002583505987025565e+05 -6.307191404118891805e+06
6.802316098484171089e+05 3.969324925365126110e+05 -6.308457139910811558e+06
6.521313548039527377e+05 3.766650381046981202e+05 -6.312637681771437638e+06
6.604834922294039279e+05 3.802770423816355760e+05 -6.311559947672539391e+06
6.876240976162631996e+05 3.978298877521044924e+05 -6.307604844688213430e+06
6.713570911533529870e+05 3.864201267510246253e+05 -6.310049576462450437e+06
6.507371141492086463e+05 3.773938922427150537e+05 -6.312737356630760245e+06
6.613376935989044141e+05 3.864028733703370090e+05 -6.311101513762319461e+06
6.647748372259405442e+05 3.884581041389419115e+05 -6.310617476251658052e+06
6.633853747969617834e+05 3.819925133781790501e+05 -6.311154734252056107e+06
6.510316022528752219e+05 3.795593704609326669e+05 -6.312578233288139105e+06
6.876960946150262607e+05 3.968514153354995069e+05 -6.307658273027145304e+06
6.819039904289407423e+05 3.931101807673249859e+05 -6.308515538610219024e+06
6.674581256031866651e+05 3.841322407515258528e+05 -6.310599166795716621e+06
6.722487011842987267e+05 3.929506012249045307e+05 -6.309554668427079916e+06
6.676646724038898246e+05 3.905765274404648226e+05 -6.310184537610089406e+06
6.605808669560438721e+05 3.862612106904321699e+05 -6.311188858530427329e+06
6.644815516200753627e+05 3.889500172666891012e+05 -6.310618061355875805e+06
6.856212419205792248e+05 3.979925576161778299e+05 -6.307811212135297246e+06
6.839365589511510916e+05 3.939135163777799462e+05 -6.308247197768351994e+06
6.499358350868131965e+05 3.762673130237537553e+05 -6.312886149355700240e+06
6.846157316333613126e+05 3.950457108320164843e+05 -6.308103690571206622e+06
6.524991713350280188e+05 3.802217014810150722e+05 -6.312388127939194441e+06
6.551331905449244659e+05 3.822138614735611482e+05 -6.311997614007873461e+06
6.851156315590577433e+05 3.973949223188413307e+05 -6.307903207642265595e+06
6.706025984905849909e+05 3.923096736543395673e+05 -6.309768277360423468e+06
6.587484891583508579e+05 3.790418452395269414e+05 -6.311813856017364189e+06
6.713337499021332478e+05 3.915756957783768885e+05 -6.309736335720025003e+06
6.899879124387449119e+05 3.991744665597385610e+05 -6.307264049803213216e+06
6.854224704429660924e+05 3.968105819846068625e+05 -6.307906636704022065e+06
6.706731622340957401e+05 3.852574721102467156e+05 -6.310192434094292112e+06
6.889039250503481599e+05 4.002844822294519981e+05 -6.307311869420895353e+06
6.698771740672424203e+05 3.852829908059425070e+05 -6.310274870638716035e+06
6.851780586586256977e+05 3.981940081694315886e+05 -6.307846416802885942e+06
6.478678234355684835e+05 3.770181931641901610e+05 -6.313052795686043799e+06
6.473169291359609924e+05 3.763380838141886052e+05 -6.313149235495953821e+06
6.504736104538840009e+05 3.785810095655423938e+05 -6.312693726844904013e+06
6.516046693979762495e+05 3.789328228426524438e+05 -6.312556890886077657e+06
6.492636354987496743e+05 3.775786342341756681e+05 -6.312877085222888738e+06
6.492337686277581379e+05 3.781211586531787761e+05 -6.312847881458671764e+06
6.747768267745920457e+05 3.873901606524438248e+05 -6.309628154902535491e+06
6.745995261414239649e+05 3.879246530221851426e+05 -6.309614367856056429e+06
6.724716251272190129e+05 3.861730589993216563e+05 -6.309946714961566962e+06
6.771875951483835233e+05 3.887252962886979221e+05 -6.309290032543256879e+06
6.759171380468021380e+05 3.877477627732171095e+05 -6.309485099145391025e+06
6.734824536234467523e+05 3.870291550721558742e+05 -6.309787525736561976e+06
6.849755382182073081e+05 4.001645290477804956e+05 -6.307744398224903271e+06
6.842269491935350234e+05 3.993951383086336427e+05 -6.307873536933875643e+06
6.818133665069397539e+05 3.980234939963335637e+05 -6.308219240933793597e+06
6.852813408803788479e+05 3.997147233883875888e+05 -6.307739734000654891e+06
6.830415467613269575e+05 3.989618548692027689e+05 -6.308028382247784175e+06
6.834754949713005917e+05 3.985792378091570572e+05 -6.308005719186107628e+06
6.448925631306268042e+05 3.725347228406533832e+05 -6.313619742664916441e+06
6.435785015983547783e+05 3.714857383141768514e+05 -6.313814322015939280e+06
6.426266784888858674e+05 3.712026499431698467e+05 -6.313927159595888108e+06
6.426426805402650498e+05 3.706926922941153753e+05 -6.313955301555054262e+06
6.410911364629822783e+05 3.705344103164047701e+05 -6.314121199678786099e+06
6.398066041666666279e+05 3.692955622957615415e+05 -6.314322708439103328e+06
6.516890309601938352e+05 3.719675767792632687e+05 -6.312959724547119811e+06
6.501697551255688304e+05 3.707211485346678528e+05 -6.313188151629486121e+06
6.490661861911141314e+05 3.710671008595363819e+05 -6.313280758125374094e+06
6.492248229194717715e+05 3.706506767971682129e+05 -6.313288854037205689e+06
6.478650220010306221e+05 3.694976725360493874e+05 -6.313494738514205441e+06
6.473672297704569064e+05 3.698297628463252331e+05 -6.313526144227893092e+06
6.792853247161624022e+05 3.836491455481305020e+05 -6.309374667370085604e+06
6.789965918717993191e+05 3.838096246710083797e+05 -6.309395843654297292e+06
6.775546855239802971e+05 3.822504504715234507e+05 -6.309643830187943764e+06
6.769284493273646804e+05 3.825719007596399169e+05 -6.309691244865350425e+06
6.769086884604733204e+05 3.822332948865819490e+05 -6.309713734666553326e+06
6.750338673148710513e+05 3.812576084504438331e+05 -6.309971873004462570e+06
7.270681865651514381e+05 4.096738383525234531e+05 -6.302455961790434085e+06
7.264530645735170692e+05 4.097131334090589662e+05 -6.302523881414493546e+06
7.243765317266514758e+05 4.085831396391838789e+05 -6.302834146955357864e+06
7.238239667642919812e+05 4.086538642664080835e+05 -6.302892648640585132e+06
7.237272644762047566e+05 4.076657002506856807e+05 -6.302967241118044592e+06
7.215683795693487627e+05 4.067554662190054078e+05 -6.303271510431163944e+06
6.945222186201160075e+05 3.987841913395097363e+05 -6.306794222387848422e+06
6.941397768375090091e+05 3.990718495642745984e+05 -6.306817970841617323e+06
6.936292888579975115e+05 3.991085488379476592e+05 -6.306871452463437803e+06
6.928285464418401243e+05 3.981205714268662850e+05 -6.307020901637355797e+06
6.921795964825996198e+05 3.980780936414088937e+05 -6.307094341488926671e+06
6.906841763735986315e+05 3.966673301791202393e+05 -6.307345467330878600e+06
7.112785200441273628e+05 4.122497013444020413e+05 -6.304078612072114833e+06
7.115774060705751181e+05 4.116803643592023873e+05 -6.304082064499554224e+06
7.106607340506965993e+05 4.114831238535830053e+05 -6.304197565830953419e+06
7.098196213159698527e+05 4.106627415827778750e+05 -6.304344826720556244e+06
7.087696947282628389e+05 4.107892680869903415e+05 -6.304453973102674820e+06
7.083494446285616141e+05 4.101112766837009694e+05 -6.304544733342391439e+06
7.149267675568165723e+05 4.209973256574675906e+05 -6.303094373996705748e+06
7.150713458685143851e+05 4.207012871518342290e+05 -6.303097717152940109e+06
7.142909102888538036e+05 4.198236812333754497e+05 -6.303243736493795179e+06
7.134263292362559587e+05 4.198854114739905344e+05 -6.303336912106657401e+06
7.121335273221477401e+05 4.186421105493016657e+05 -6.303564263212262653e+06
7.109095529208579101e+05 4.184378613530921866e+05 -6.303714964823846705e+06
6.926690888796186773e+05 4.155765058571750415e+05 -6.305919706177992746e+06
6.910627958526915172e+05 4.144814127003070316e+05 -6.306166351036741398e+06
6.905189880671028513e+05 4.144818749939076370e+05 -6.306225491679384373e+06
6.894249210397412535e+05 4.131885490190841374e+05 -6.306428694499681704e+06
6.885968986096985172e+05 4.133127851145814057e+05 -6.306510467742482200e+06
6.872487961759943282e+05 4.121365943027702742e+05 -6.306732991937845014e+06
6.747655606445478043e+05 3.966583425658255001e+05 -6.309057338045349345e+06
6.736347789258989505e+05 3.956547816058254102e+05 -6.309239957903122529e+06
6.734436171559032518e+05 3.952007449048200506e+05 -6.309288494456568733e+06
6.730379528582171770e+05 3.956353489580992027e+05 -6.309304436270776205e+06
6.710374344905252801e+05 3.942279015962785343e+05 -6.309603598256958649e+06
6.704815879141372861e+05 3.942489259386401391e+05 -6.309660988363024779e+06
6.507947168152034283e+05 3.840747911038308521e+05 -6.312331203535306267e+06
6.503356737625586102e+05 3.832704262379823485e+05 -6.312426759467563592e+06
6.495015232684429502e+05 3.830765034938036697e+05 -6.312523759378657676e+06
6.484174022183913039e+05 3.819341090210541151e+05 -6.312703223540299572e+06
6.476201643139844527e+05 3.822673912762089749e+05 -6.312764476226648316e+06
6.462280096079439390e+05 3.811848927881822456e+05 -6.312971203434920870e+06
6.193979352198472479e+05 3.637839805206462042e+05 -6.316661405258348212e+06
6.173822335222546244e+05 3.623157855956128915e+05 -6.316941231349411421e+06
6.171713722396492958e+05 3.617413930513422238e+05 -6.316994396574012004e+06
6.165269444346623495e+05 3.622178714562402456e+05 -6.317029782426083460e+06
6.153589298659121851e+05 3.608374128051517764e+05 -6.317221380263600498e+06
6.146868225198839791e+05 3.608157787396042258e+05 -6.317287603373415768e+06
5.956174234205238754e+05 3.433543025246349280e+05 -6.320068154904781841e+06
5.954120012762740953e+05 3.428189841294509824e+05 -6.320116246637112461e+06
5.941575839429510524e+05 3.427505121839019121e+05 -6.320237197039277293e+06
5.933362688351566903e+05 3.418981194998363499e+05 -6.320359696068975143e+06
5.916452358909203904e+05 3.410812541730605881e+05 -6.320560994426763617e+06
5.917612942319759168e+05 3.407037878370863618e+05 -6.320570424229569733e+06
7.773018033944054041e+05 4.448682171993489028e+05 -6.294125301983147860e+06
7.754887663238046225e+05 4.444098554508633679e+05 -6.294379605727083050e+06
7.754357194105886156e+05 4.437664484025554848e+05 -6.294431187610333785e+06
7.749679694288346218e+05 4.430605108398177545e+05 -6.294537804800534621e+06
7.734651194886121666e+05 4.430013420032525319e+05 -6.294725549025098793e+06
7.719076548667909810e+05 4.418087894817088381e+05 -6.294998698057254776e+06
8.031178482083533891e+05 4.736388305125901825e+05 -6.288818421174538322e+06
8.021971776588811772e+05 4.735341823515465949e+05 -6.288942968706935644e+06
8.004211690583408345e+05 4.719737051145031583e+05 -6.289284255110547878e+06
7.995934336045018863e+05 4.721368404560557101e+05 -6.289376676437706687e+06
7.996730471851570765e+05 4.711014777945202659e+05 -6.289443740387176163e+06
7.981112876320995856e+05 4.710061797882246901e+05 -6.289647875238309614e+06
7.881775609833670314e+05 4.851242103373121354e+05 -6.289826257848193869e+06
7.873566553512539249e+05 4.850082298815810937e+05 -6.289937267114983872e+06
7.873376461321300594e+05 4.842322418686119490e+05 -6.289999017636419274e+06
7.863599279489716282e+05 4.847439328318865155e+05 -6.290081356995357201e+06
7.849146637527495623e+05 4.830995511054913513e+05 -6.290386318314342760e+06
7.838844588641214650e+05 4.828422311872281716e+05 -6.290533545862607658e+06
7.121814798865484772e+05 4.592502344395687105e+05 -6.300749451901463792e+06
7.109615005918983370e+05 4.589925786115121446e+05 -6.300904954472609796e+06
7.110452344647134887e+05 4.580733872754220502e+05 -6.300962012941684574e+06
7.089795526797516504e+05 4.575563621118305600e+05 -6.301230531161461957e+06
7.090033767219638685e+05 4.572037456925744773e+05 -6.301253292092798278e+06
7.088870140827604337e+05 4.566392732657546876e+05 -6.301306953504842706e+06
5.673684522536528530e+05 3.775745696469403920e+05 -6.320711153257498518e+06
5.657514571487478679e+05 3.768015727920017089e+05 -6.320900940060730092e+06
5.650513758610615041e+05 3.760077266222952167e+05 -6.321010098311747424e+06
5.637239072154331952e+05 3.757092080515556736e+05 -6.321145461518111639e+06
5.631137631447520107e+05 3.750409962005113484e+05 -6.321238895873183385e+06
5.632816743180599296e+05 3.747739410379764740e+05 -6.321239768583076075e+06
6.019087625805451535e+05 3.368402002800811315e+05 -6.319824290956648067e+06
5.995593962469239486e+05 3.354683689892913681e+05 -6.320118589265133254e+06
5.983238081826280104e+05 3.352741986110863509e+05 -6.320245132219241932e+06
5.984773533535605529e+05 3.345539356525504263e+05 -6.320268603569403291e+06
5.979491338222174672e+05 3.347540416633926216e+05 -6.320307740185236558e+06
5.968323119468914811e+05 3.337996470556458225e+05 -6.320462732214703225e+06
6.449198194444032852e+05 3.506568783363465336e+05 -6.314861462955953553e+06
6.446844242605733452e+05 3.509618501884312136e+05 -6.314868509261026978e+06
6.434917829271351220e+05 3.501008936827454600e+05 -6.315036807600099593e+06
6.418770424743716139e+05 3.495802449115217314e+05 -6.315228687409879640e+06
6.420145560028513428e+05 3.489437289352315129e+05 -6.315249769330663607e+06
6.409590856994730420e+05 3.487586639560053009e+05 -6.315366416995923035e+06
7.332694313456433592e+05 3.908538327199831838e+05 -6.302929552467637695e+06
7.319570348753603175e+05 3.897106625155797228e+05 -6.303151384346447885e+06
7.313071226917291060e+05 3.901449678733305191e+05 -6.303199629789968021e+06
7.302843726074289298e+05 3.892658984374157153e+05 -6.303371397842256352e+06
7.286620393111271551e+05 3.886294794880706468e+05 -6.303596892711742781e+06
7.286129851147661684e+05 3.879868862332223216e+05 -6.303641844246607274e+06
8.577294757203656482e+05 4.583242197795530665e+05 -6.282779625826885924e+06
8.574351454145007301e+05 4.585904085807192023e+05 -6.282800238249365240e+06
8.554597351051077712e+05 4.579171401954301982e+05 -6.283116486155251972e+06
8.547462387504054932e+05 4.571904190460232785e+05 -6.283265505485713482e+06
8.543079164559596684e+05 4.565365591354076751e+05 -6.283371942235652357e+06
8.524793878564133774e+05 4.558875785854709684e+05 -6.283665424268793315e+06
9.850476301901640836e+05 5.496417571989976568e+05 -6.256903592726638541e+06
9.844325946440116968e+05 5.486745788402314065e+05 -6.257084058690272272e+06
9.828677345354922581e+05 5.484108439592228970e+05 -6.257351377565192990e+06
9.825201956396976020e+05 5.474926824798891321e+05 -6.257485454997621477e+06
9.808358367002718151e+05 5.478517945162528194e+05 -6.257716705031171441e+06
9.807976081105527701e+05 5.468256383296810091e+05 -6.257811809209844097e+06
6.362574880902654259e+05 3.867494997307108715e+05 -6.313640963828050531e+06
6.356378150983960368e+05 3.867451514877496520e+05 -6.313703227439144626e+06
6.346567305434549926e+05 3.855822493769659195e+05 -6.313871910088564269e+06
6.337569811720172875e+05 3.853827692277646274e+05 -6.313973778422105126e+06
6.325581146446536295e+05 3.851003761024197447e+05 -6.314110307682323270e+06
6.320304670493971789e+05 3.842881318359095021e+05 -6.314211947359753773e+06
5.653529193764878437e+05 3.430580182417769101e+05 -6.322844651256359182e+06
5.650377513963922393e+05 3.433051891027006204e+05 -6.322859309575396590e+06
5.637739817089175340e+05 3.422420914481805521e+05 -6.323028608382215723e+06
5.637688987839742331e+05 3.419406492419589194e+05 -6.323045258120640181e+06
5.632915772005214822e+05 3.422583636726747500e+05 -6.323070439319536090e+06
5.614879393609458348e+05 3.409114319867599988e+05 -6.323302058158267289e+06
4.908335785417878069e+05 2.909232666689830949e+05 -6.331617103672775440e+06
4.903269640183616430e+05 2.903609334804844111e+05 -6.331681733757380396e+06
4.901024695261201705e+05 2.907173359547904693e+05 -6.331682753725713119e+06
4.887944194422669243e+05 2.901200689260684885e+05 -6.331810401570621878e+06
4.882069751920698909e+05 2.895238106818340020e+05 -6.331882528698906302e+06
4.876859931549387402e+05 2.889786428431310342e+05 -6.331947144941150211e+06
4.419330519382365746e+05 2.487186372963635949e+05 -6.336979211120142601e+06
4.405071520115393796e+05 2.483465356462163909e+05 -6.337092321511430666e+06
4.404499587878921302e+05 2.477741243800514785e+05 -6.337118526816036552e+06
4.395612076029586024e+05 2.475254770442792505e+05 -6.337189473966025747e+06
4.385865019903710927e+05 2.467812726129854855e+05 -6.337285383946438320e+06
4.377801082457114244e+05 2.466930925191604765e+05 -6.337344177715577185e+06
4.590263294836037094e+05 2.392194846872220805e+05 -6.336135433802887797e+06
4.574484242261276231e+05 2.385529643361438066e+05 -6.336273745580039918e+06
4.573376756666550064e+05 2.380332916665105731e+05 -6.336301099454165436e+06
4.566673137624421506e+05 2.379269764230495493e+05 -6.336353091381098144e+06
4.547719162548456225e+05 2.370770359766040638e+05 -6.336520140953244641e+06
4.547291036023864872e+05 2.367385307707706816e+05 -6.336535764090199955e+06
8.345875134721270297e+05 5.658517304085247451e+05 -6.277167458593789488e+06
8.339381508239661343e+05 5.649379395557036623e+05 -6.277334937451679260e+06
8.331679437076681061e+05 5.655888267261775909e+05 -6.277378307788428850e+06
8.319225791969835991e+05 5.640764740632058820e+05 -6.277677532229049131e+06
8.304839869310068898e+05 5.627424071871637134e+05 -6.277985656557053328e+06
8.298484232978371438e+05 5.631950299985468155e+05 -6.278028820694118738e+06
8.023294823602610268e+05 5.791485334948652890e+05 -6.280140016436419450e+06
8.022320320229890058e+05 5.784122072499125497e+05 -6.280219787647474557e+06
8.002367755908131367e+05 5.772538876524573425e+05 -6.280578491207264364e+06
7.995249375698937802e+05 5.776747107842711266e+05 -6.280630108933033422e+06
7.988789499645219184e+05 5.760224279383771354e+05 -6.280862494599991478e+06
7.980727269862892572e+05 5.762533550783180399e+05 -6.280943260860083625e+06
1.045125164014529088e+06 7.592595158182269661e+05 -6.225364160142605193e+06
1.044035917667506146e+06 7.577835041935186600e+05 -6.225724334450518712e+06
1.044146897834550589e+06 7.569609824100878322e+05 -6.225805238136189058e+06
1.042601449642053107e+06 7.573007446202476276e+05 -6.226021457705869339e+06
1.042089547971004969e+06 7.563201924526810180e+05 -6.226224976195232943e+06
1.042326645395327010e+06 7.558458890054693911e+05 -6.226242765681443736e+06
6.198411338196594734e+05 5.233360295972997556e+05 -6.305479476113697514e+06
6.201382140867327107e+05 5.227174045288710040e+05 -6.305501431232345290e+06
6.194355937809176976e+05 5.225938647250184440e+05 -6.305580202642115764e+06
6.183908152394567151e+05 5.212675732374106883e+05 -6.305791107091450132e+06
6.178682030064540450e+05 5.215203251594026806e+05 -6.305821234632099979e+06
6.170930388455254724e+05 5.205465611419909401e+05 -6.305976551439695992e+06
4.450869408717482002e+05 4.173968387404517853e+05 -6.327947507674165070e+06
4.436427978383234586e+05 4.155879333115884801e+05 -6.328166497927168384e+06
4.433574695081565296e+05 4.156215848467843607e+05 -6.328184165571889840e+06
4.425004242226573988e+05 4.153074357853077236e+05 -6.328264237505500205e+06
4.414383967705438263e+05 4.137155078162757563e+05 -6.328441486913223751e+06
4.411301844839482219e+05 4.139321337761917966e+05 -6.328448764197602868e+06
-2.836615620345031130e+04 -2.788973916438575543e+04 -6.356978680987670086e+06
-2.944072339452663437e+04 -2.893065279210981316e+04 -6.356969207080370747e+06
-3.022124064298472513e+04 -2.973717705337543157e+04 -6.356961872153251432e+06
-3.106733855213678908e+04 -3.053013055752705986e+04 -6.356954087117964402e+06
-3.129880833889998030e+04 -3.078142920799686544e+04 -6.356951755527717061e+06
-3.134657073766215035e+04 -3.077774792192296081e+04 -6.356951539467831142e+06
-5.409854252487504709e+04 -6.308128874692319368e+04 -6.356562763057348318e+06
-5.478588592618079565e+04 -6.382592213207598252e+04 -6.356549532090063207e+06
-5.505368593644844805e+04 -6.427430235858415836e+04 -6.356542746073614806e+06
-5.607928209492762835e+04 -6.536005480259215983e+04 -6.356522843461752869e+06
-5.645509207082338253e+04 -6.584968828368085087e+04 -6.356514519481752999e+06
-5.746063924298116763e+04 -6.697123761164190364e+04 -6.356493930421032943e+06
9.166532151190541917e+05 4.479393614205069607e+05 -6.275254167218097486e+06
9.147080949723505182e+05 4.471908988799540675e+05 -6.275589113549700007e+06
9.143560073057486443e+05 4.474647617790596560e+05 -6.275620688765271567e+06
9.138369240271759918e+05 4.463942384956477908e+05 -6.275771518507962115e+06
9.121172784818401560e+05 4.459870003370130435e+05 -6.276048765455240384e+06
9.119713827055796282e+05 4.453594956133326632e+05 -6.276114086898027919e+06
1.132709405218529049e+06 5.166248225062183337e+05 -6.234837070434630848e+06
1.132385080436237855e+06 5.169939359407874872e+05 -6.234865197812279686e+06
1.130552145707809832e+06 5.164273636947021005e+05 -6.235242230580214411e+06
1.131067796789056621e+06 5.150640114176041097e+05 -6.235261353484937921e+06
1.130065558264172636e+06 5.152909278491879231e+05 -6.235423235988475382e+06
1.128194469008201733e+06 5.144126678049069596e+05 -6.235831808737557381e+06
9.573006495375965023e+05 3.855561752156383009e+05 -6.273340528258537874e+06
9.566892690586955287e+05 3.847294409294787329e+05 -6.273483584502805956e+06
9.560727391636837274e+05 3.840580640024965396e+05 -6.273617804505320266e+06
9.552384792751854984e+05 3.844467779138238984e+05 -6.273720386234330013e+06
9.534739955310146324e+05 3.834713213626847719e+05 -6.274046293144519441e+06
9.526221546818227507e+05 3.835566458887011977e+05 -6.274169642420999706e+06
1.427009637764357030e+06 6.299632598507944494e+05 -6.164075564237503335e+06
1.426902979765870608e+06 6.293202045491546160e+05 -6.164165335615125485e+06
1.425016712160821073e+06 6.291093507484698202e+05 -6.164620128330833279e+06
1.424486311628114432e+06 6.279438473295798758e+05 -6.164859923774467781e+06
1.423253913366380148e+06 6.289109566875908058e+05 -6.165044732808138244e+06
1.423437369785839459e+06 6.280134688017765293e+05 -6.165093538036689162e+06
1.766895825395482359e+06 8.178690106010853779e+05 -6.053700944859120063e+06
1.765641706893916707e+06 8.167079889001989504e+05 -6.054220079425064847e+06
1.764603676515264669e+06 8.172173002824763535e+05 -6.054452422448640689e+06
1.763714394015935250e+06 8.175925600718797650e+05 -6.054659481078936718e+06
1.763736814399755560e+06 8.156981929640531307e+05 -6.054906788305559196e+06
1.761648706649463391e+06 8.158002388818239560e+05 -6.055496920105159283e+06
1.984555161663210951e+06 1.074305136868830072e+06 -5.945943910733430646e+06
1.983561147895260248e+06 1.072635969416902866e+06 -5.946572673711928539e+06
1.982892544064204907e+06 1.073380493240026757e+06 -5.946660721151715145e+06
1.981696003957519075e+06 1.073812305640596896e+06 -5.946979467663513497e+06
1.982146008149365662e+06 1.071543086359261535e+06 -5.947237062467128970e+06
1.980003923222334823e+06 1.071791221536147641e+06 -5.947901381871371530e+06
2.327839438074640464e+06 1.229811459234094713e+06 -5.790326000657002442e+06
2.327748805797460955e+06 1.228319591355022509e+06 -5.790676728531590663e+06
2.326218365593279246e+06 1.230122560848194174e+06 -5.790907449520235881e+06
2.326037253829106223e+06 1.228401500645212131e+06 -5.791342587920041755e+06
2.326277323288578540e+06 1.227141050443167100e+06 -5.791512232478436083e+06
2.324578106590310577e+06 1.228376911444699159e+06 -5.791929685685334727e+06
2.632279117538305582e+05 1.521097686809189909e+05 -6.349877339095986448e+06
2.624983658366650343e+05 1.515641918523581116e+05 -6.349920295879407786e+06
2.622494357964711962e+05 1.512955825701677823e+05 -6.349936875393799506e+06
2.611515624810122827e+05 1.509301627029948577e+05 -6.349990456915432587e+06
2.605469836692764366e+05 1.504561725103548088e+05 -6.350026298950162716e+06
2.591926013370983128e+05 1.495766171471303969e+05 -6.350101994480742142e+06
9.954464227221516194e+04 6.328029072353506490e+04 -6.356015217111420818e+06
9.877017047128237027e+04 6.273830929750992073e+04 -6.356032555281229317e+06
9.761133380943517841e+04 6.205741779376821069e+04 -6.356056977249478921e+06
9.701642221205944952e+04 6.163290213332167332e+04 -6.356070127544316463e+06
9.671659325907296443e+04 6.154012901136933215e+04 -6.356075559246283025e+06
9.475284110324653739e+04 6.022831374603347649e+04 -6.356117420630209148e+06
5.361098451205268793e+04 2.830120679656688662e+04 -6.356815188359524123e+06
5.322480195123834710e+04 2.815153770577021351e+04 -6.356819071954556741e+06
5.224141721637229784e+04 2.760103601268830607e+04 -6.356829572955954820e+06
5.053393630580200261e+04 2.672296915325152440e+04 -6.356847010323036462e+06
5.039240381644813897e+04 2.659095428787917626e+04 -6.356848676231470890e+06
5.015648868197621050e+04 2.650101958655487761e+04 -6.356850902575166896e+06
-1.071541183992961887e+05 -5.058819027035094041e+04 -6.356005243506660685e+06
-1.076977300482140563e+05 -5.089836697369277681e+04 -6.355993657431066036e+06
-1.087218520726182469e+05 -5.129916087810968747e+04 -6.355973137997562997e+06
-1.098230994994329521e+05 -5.187425093879673659e+04 -6.355949695609787479e+06
-1.110478160833083530e+05 -5.240063207105878973e+04 -6.355924269427740946e+06
-1.117610320034024189e+05 -5.279400918361913500e+04 -6.355908618559273891e+06
-2.472353290900406719e+05 -1.005464464116529562e+05 -6.351534600813183002e+06
-2.480999936561052164e+05 -1.009886880221192550e+05 -6.351494140976627357e+06
-2.498256862056247774e+05 -1.016060151347932988e+05 -6.351417170849802904e+06
-2.500064052553200745e+05 -1.015696307222377218e+05 -6.351410685555725358e+06
-2.516514217394812731e+05 -1.024188611629647057e+05 -6.351332609124059789e+06
-2.522847613451901125e+05 -1.025116261641677265e+05 -6.351306165060679428e+06
9.936341528327688138e+03 3.141249187932591667e+03 -6.357093829920295626e+06
9.060814397875132272e+03 2.869679582295150340e+03 -6.357095256880776957e+06
7.802878490682435768e+03 2.463990055744372057e+03 -6.357097083246968687e+06
7.375877635513498717e+03 2.332486905112679779e+03 -6.357097638884614222e+06
6.487431148169786866e+03 2.053800715218235837e+03 -6.357098696645071730e+06
5.296074048714671335e+03 1.672541385495390159e+03 -6.357099904395757243e+06
-6.378743001306100050e+05 -1.383063245682602574e+05 -6.323732228960636072e+06
-6.391535343741197139e+05 -1.390353364960911276e+05 -6.323588047095744871e+06
-6.403260393788311630e+05 -1.389107973631264758e+05 -6.323472939687401988e+06
-6.412805609956114786e+05 -1.394325473795775906e+05 -6.323365451496651396e+06
-6.417102077455886174e+05 -1.389705503068749385e+05 -6.323332258449664339e+06
-6.425726680919476785e+05 -1.394174854794159764e+05 -6.323235487766369246e+06
