#labels: pth_lower[1]   pth_center[2]   pth_upper[3]   tot_scale01[4]   tot_scale01_Err[5]   tot_scale02[6]   tot_scale02_Err[7]   tot_scale03[8]   tot_scale03_Err[9]   tot_scale04[10]  tot_scale04_Err[11]  tot_scale05[12]  tot_scale05_Err[13]  tot_scale06[14]  tot_scale06_Err[15]  tot_scale07[16]  tot_scale07_Err[17] 
#neval: 3638578
#overflow:lower center upper    4.1549850602E+002    4.5842946054E+000    2.7287262919E+002    3.0157172231E+000    6.5378876860E+002    7.2041470788E+000    3.0999675155E+002    3.4202684613E+000    3.6573986402E+002    4.0420617135E+000    5.7040783644E+002    6.2934463774E+000    4.7623514133E+002    5.2476704511E+000
    1.0000000000E-002    1.1294627059E-002    1.2589254118E-002    9.4155141185E+003    4.9989042634E+002    6.2988903496E+003    3.3274678638E+002    1.4509437133E+004    7.7508922702E+002    7.0247636240E+003    3.7296020576E+002    8.4426030813E+003    4.4599110129E+002    1.2925878095E+004    6.8626339786E+002    1.0569015829E+004    5.6459325290E+002
    1.2589254118E-002    1.4219093021E-002    1.5848931925E-002    1.1728099633E+004    6.7663763989E+002    7.8605288171E+003    4.5281611109E+002    1.8034352181E+004    1.0425385667E+003    8.7501464758E+003    5.0482845860E+002    1.0535716790E+004    6.0692383619E+002    1.6100659426E+004    9.2890685920E+002    1.3136646991E+004    7.5940965264E+002
    1.5848931925E-002    1.7900777537E-002    1.9952623150E-002    1.5519548913E+004    1.2935076515E+003    1.0388778937E+004    8.5853067545E+002    2.3897925103E+004    2.0108384264E+003    1.1578885794E+004    9.6506525120E+002    1.3924410839E+004    1.1507159712E+003    2.1305665821E+004    1.7757630659E+003    1.7407811644E+004    1.4647420821E+003
    1.9952623150E-002    2.2535743732E-002    2.5118864315E-002    1.6651904477E+004    9.5232825617E+002    1.1160544073E+004    6.3792069829E+002    2.5606126995E+004    1.4656159253E+003    1.2423718065E+004    7.1051679260E+002    1.4958832199E+004    8.5502540194E+002    2.2860194845E+004    1.3073825593E+003    1.8652106145E+004    1.0675891677E+003
    2.5118864315E-002    2.8370820458E-002    3.1622776602E-002    1.8778263807E+004    1.0405837310E+003    1.2578118931E+004    6.9673338954E+002    2.8895019692E+004    1.6021346582E+003    1.4010160556E+004    7.7636278266E+002    1.6858852869E+004    9.3385392265E+002    2.5779319721E+004    1.4285421152E+003    2.1047813067E+004    1.1670326289E+003
    3.1622776602E-002    3.5716746829E-002    3.9810717055E-002    2.2166118008E+004    3.4588021817E+003    1.4805099973E+004    2.2751856161E+003    3.4218414012E+004    5.4299604160E+003    1.6537784078E+004    2.5805566688E+003    1.9843746393E+004    3.0495036470E+003    3.0430259634E+004    4.7483392614E+003    2.4925498901E+004    3.9553110887E+003
    3.9810717055E-002    4.4964720209E-002    5.0118723363E-002    1.6614885560E+004    6.2633077371E+002    1.1122637785E+004    4.1647891125E+002    2.5582602847E+004    9.7205660584E+002    1.2396098846E+004    4.6729531499E+002    1.4908025196E+004    5.5821993149E+002    2.2809374252E+004    8.5984420246E+002    1.8634970601E+004    7.0806893189E+002
    5.0118723363E-002    5.6607228905E-002    6.3095734448E-002    1.5618366819E+004    5.5140694807E+002    1.0461043318E+004    3.6960042575E+002    2.4033837114E+004    8.4796511957E+002    1.1652612243E+004    4.1139585392E+002    1.4021269089E+004    4.9538720633E+002    2.1441325773E+004    7.5698670319E+002    1.7506813155E+004    6.1767776988E+002
    6.3095734448E-002    7.1264278960E-002    7.9432823472E-002    1.3622261391E+004    4.4605533439E+002    9.1333338930E+003    2.9949611557E+002    2.0938286962E+004    6.8464893571E+002    1.0163350094E+004    3.3279470966E+002    1.2241697916E+004    4.0142416962E+002    1.8701017056E+004    6.1235709525E+002    1.5251941498E+004    4.9871441407E+002
    7.9432823472E-002    8.9716411736E-002    1.0000000000E-001    1.2258454579E+004    3.6736103615E+002    8.2130543794E+003    2.4590746206E+002    1.8857129474E+004    5.6576823376E+002    9.1458357699E+003    2.7408215964E+002    1.1008218013E+004    3.2959759286E+002    1.6828745359E+004    5.0432338695E+002    1.3735977355E+004    4.1211891012E+002
    1.0000000000E-001    1.1294627059E-001    1.2589254118E-001    9.9939347512E+003    3.1953109408E+002    6.6945660669E+003    2.1423878034E+002    1.5376924839E+004    4.9122584928E+002    7.4563139535E+003    2.3839700926E+002    8.9729398302E+003    2.8715105147E+002    1.3719949931E+004    4.3866112011E+002    1.1200914310E+004    3.5782048116E+002
    1.2589254118E-001    1.4219093021E-001    1.5848931925E-001    8.5910255074E+003    2.6180696835E+002    5.7536374893E+003    1.7527509882E+002    1.3221557294E+004    4.0313729997E+002    6.4096259342E+003    1.9532996761E+002    7.7117833300E+003    2.3492678984E+002    1.1793997335E+004    3.5941584439E+002    9.6308938131E+003    2.9365470661E+002
    1.5848931925E-001    1.7900777537E-001    1.9952623150E-001    7.1051326300E+003    1.9730430478E+002    4.7592698783E+003    1.3204923509E+002    1.0932727730E+004    3.0391472469E+002    5.3010251607E+003    1.4720556792E+002    6.3790007937E+003    1.7698978982E+002    9.7541225117E+003    2.7086480452E+002    7.9636564375E+003    2.2137864524E+002
    1.9952623150E-001    2.2535743732E-001    2.5118864315E-001    5.7115802846E+003    1.5901126164E+002    3.8225475376E+003    1.0601262478E+002    8.7970683818E+003    2.4600352589E+002    4.2613181727E+003    1.1863574442E+002    5.1234820465E+003    1.4209209288E+002    7.8410153240E+003    2.1829505620E+002    6.4079918550E+003    1.7919476373E+002
    2.5118864315E-001    2.8370820458E-001    3.1622776602E-001    4.7052792433E+003    1.0462460641E+002    3.1514917946E+003    7.0057256746E+001    7.2408099089E+003    1.6107863604E+002    3.5105331534E+003    7.8058735833E+001    4.2240446902E+003    9.3899969493E+001    6.4595374331E+003    1.4363155226E+002    5.2743765202E+003    1.1733347326E+002
    3.1622776602E-001    3.5716746829E-001    3.9810717055E-001    3.9471866617E+003    8.9114963377E+001    2.6416352922E+003    5.9459490926E+001    6.0797736228E+003    1.3776712789E+002    2.9449324731E+003    6.6487240656E+001    3.5406678034E+003    7.9695446886E+001    5.4188069779E+003    1.2233948551E+002    4.4286503372E+003    1.0035282154E+002
    3.9810717055E-001    4.4964720209E-001    5.0118723363E-001    3.2030977992E+003    7.9884841747E+001    2.1432584700E+003    5.3222721488E+001    4.9346118160E+003    1.2370208251E+002    2.3897797424E+003    5.9600795385E+001    2.8726774970E+003    7.1336106438E+001    4.3973012156E+003    1.0966811935E+002    3.5944874988E+003    9.0107511133E+001
    5.0118723363E-001    5.6607228905E-001    6.3095734448E-001    2.6233783868E+003    5.7893558432E+001    1.7555999040E+003    3.8691080130E+001    4.0408978771E+003    8.9326851375E+001    1.9572604142E+003    4.3193452659E+001    2.3530863908E+003    5.1858885327E+001    3.6014463785E+003    7.9477877612E+001    2.9434852111E+003    6.5067782948E+001
    6.3095734448E-001    7.1264278960E-001    7.9432823472E-001    2.0732492253E+003    4.7974070065E+001    1.3874838843E+003    3.2122790574E+001    3.1934122045E+003    7.3861541378E+001    1.5468178963E+003    3.5792681956E+001    1.8596887811E+003    4.3055197920E+001    2.8462138561E+003    6.5860129736E+001    2.3261566817E+003    5.3802486807E+001
    7.9432823472E-001    8.9716411736E-001    1.0000000000E+000    1.6282040126E+003    3.6496416854E+001    1.0896823090E+003    2.4467088094E+001    2.5078579190E+003    5.6120925767E+001    1.2147768222E+003    2.7229389526E+001    1.4605358577E+003    3.2794016386E+001    2.2352434838E+003    5.0103290082E+001    1.8267827896E+003    4.0879804454E+001
    1.0000000000E+000    1.1294627059E+000    1.2589254118E+000    1.3276967198E+003    2.6660815142E+001    8.8856901433E+002    1.7866466267E+001    2.0449612731E+003    4.1006571523E+001    9.9057316508E+002    1.9891205306E+001    1.1909773122E+003    2.3946993008E+001    1.8226987641E+003    3.6600704124E+001    1.4895979675E+003    2.9870152750E+001
    1.2589254118E+000    1.4219093021E+000    1.5848931925E+000    1.0587852468E+003    3.6404430320E+001    7.0833974238E+002    2.4343075355E+001    1.6314500428E+003    5.6123739195E+001    7.8994264078E+002    2.7160759853E+001    9.4941028653E+002    3.2627798167E+001    1.4535296592E+003    4.9977008425E+001    1.1883866457E+003    4.0881853821E+001
    1.5848931925E+000    1.7900777537E+000    1.9952623150E+000    7.9550576127E+002    1.4433770650E+001    5.3199124576E+002    9.6256383920E+000    1.2263328173E+003    2.2327492721E+001    5.9351405182E+002    1.0768804098E+001    7.1304478748E+002    1.2901549295E+001    1.0920923026E+003    1.9815079403E+001    8.9328971470E+002    1.6263871700E+001
    1.9952623150E+000    2.2535743732E+000    2.5118864315E+000    6.3023769675E+002    1.2480126945E+001    4.2141691502E+002    8.3092608429E+000    9.7171974518E+002    1.9347042336E+001    4.7021020742E+002    9.3112219559E+000    5.6483849500E+002    1.1137166596E+001    8.6520773443E+002    1.7133063311E+001    7.0782355464E+002    1.4092841425E+001
    2.5118864315E+000    2.8370820458E+000    3.1622776602E+000    4.8949454456E+002    9.9230231238E+000    3.2719139162E+002    6.6043242888E+000    7.5499182628E+002    1.5379957900E+001    3.6520400560E+002    7.4034079290E+000    4.3854502901E+002    8.8519859048E+000    6.7199164395E+002    1.3622600488E+001    5.4995383274E+002    1.1203123663E+001
    3.1622776602E+000    3.5716746829E+000    3.9810717055E+000    3.7569220819E+002    7.1139068511E+000    2.5112937541E+002    4.7504850029E+000    5.7944671140E+002    1.0984792882E+001    2.8029791308E+002    5.3075714660E+000    3.3659668940E+002    6.3672261457E+000    5.1576065026E+002    9.7661680051E+000    4.2208263547E+002    8.0015819208E+000
    3.9810717055E+000    4.4964720209E+000    5.0118723363E+000    2.9036078690E+002    4.8997968511E+000    1.9403496489E+002    3.2588032944E+000    4.4797651076E+002    7.6007415790E+000    2.1663351231E+002    3.6556596116E+000    2.6007123502E+002    4.3678777066E+000    3.9861531592E+002    6.7265765831E+000    3.2631664409E+002    5.5365592282E+000
    5.0118723363E+000    5.6607228905E+000    6.3095734448E+000    2.2103791542E+002    3.3824030108E+000    1.4770114472E+002    2.2527224160E+000    3.4104680505E+002    5.2385092317E+000    1.6491283303E+002    2.5235564764E+000    1.9796854212E+002    3.0193955054E+000    3.0344696137E+002    4.6434563674E+000    2.4842652735E+002    3.8158535358E+000
    6.3095734448E+000    7.1264278960E+000    7.9432823472E+000    1.6889061142E+002    2.6287873452E+000    1.1268609407E+002    1.7219891439E+000    2.6104878274E+002    4.1589779371E+000    1.2600656838E+002    1.9612959511E+000    1.5103675604E+002    2.3080368200E+000    2.3185770072E+002    3.6088719462E+000    1.9015408327E+002    3.0294975087E+000
    7.9432823472E+000    8.9716411736E+000    1.0000000000E+001    1.3199737524E+002    2.1621856896E+000    8.8127650333E+001    1.4398511344E+000    2.0386205319E+002    3.3497093643E+000    9.8481118331E+001    1.6131719617E+000    1.1812029277E+002    1.9298782720E+000    1.8120964609E+002    2.9683082931E+000    1.4849792223E+002    2.4400072151E+000
    1.0000000000E+001    1.1294627059E+001    1.2589254118E+001    9.4892060131E+001    1.2996697500E+000    6.3323171958E+001    8.6770920135E-001    1.4663891791E+002    2.0078390948E+000    7.0797439612E+001    9.6966269375E-001    8.4874061465E+001    1.1630182414E+000    1.3027044365E+002    1.7842225651E+000    1.0681524240E+002    1.4625572983E+000
    1.2589254118E+001    1.4219093021E+001    1.5848931925E+001    7.1488259447E+001    1.0210817542E+000    4.7683807049E+001    6.7755322058E-001    1.1052917590E+002    1.5898971081E+000    5.3336240400E+001    7.6181267151E-001    6.3912123243E+001    9.0814613214E-001    9.8141059022E+001    1.4017692623E+000    8.0512055626E+001    1.1581185091E+000
    1.5848931925E+001    1.7900777537E+001    1.9952623150E+001    5.4739450417E+001    1.0819305918E+000    3.6494469873E+001    7.1871667226E-001    8.4677949264E+001    1.6806539911E+000    4.0840223407E+001    8.0721101043E-001    4.8914698732E+001    9.6331881569E-001    7.5147830927E+001    1.4853042289E+000    6.1681413129E+001    1.2242279608E+000
    1.9952623150E+001    2.2535743732E+001    2.5118864315E+001    3.9723798351E+001    6.1410632628E-001    2.6453012512E+001    4.0627537823E-001    6.1529962098E+001    9.5857646114E-001    2.9637286945E+001    4.5817485141E-001    3.5455814047E+001    5.4454381165E-001    5.4533928630E+001    8.4306214306E-001    4.4819873946E+001    6.9824967691E-001
    2.5118864315E+001    2.8370820458E+001    3.1622776602E+001    2.8537032737E+001    4.5904223486E-001    1.9000375668E+001    3.0561588433E-001    4.4209859773E+001    7.1129418831E-001    2.1291021073E+001    3.4248402719E-001    2.5466807843E+001    4.0962669034E-001    3.9176427512E+001    6.3018587127E-001    3.2203503376E+001    5.1812344379E-001
    3.1622776602E+001    3.5716746829E+001    3.9810717055E+001    2.0616720015E+001    2.8640953426E-001    1.3714874921E+001    1.9025167477E-001    3.1971433605E+001    4.4499042677E-001    1.5381803159E+001    2.1368554627E-001    1.8382483078E+001    2.5500037093E-001    2.8303203232E+001    3.9319092706E-001    2.3288745437E+001    3.2414151017E-001
    3.9810717055E+001    4.4964720209E+001    5.0118723363E+001    1.4520421462E+001    2.1024232754E-001    9.6524340959E+000    1.3966875796E-001    2.2535490471E+001    3.2657558575E-001    1.0833452875E+001    1.5685841858E-001    1.2937464429E+001    1.8720247867E-001    1.9934036033E+001    2.8862647987E-001    1.6415382161E+001    2.3788535029E-001
    5.0118723363E+001    5.6607228905E+001    6.3095734448E+001    1.0385871226E+001    1.6478236550E-001    6.8921391862E+000    1.0914816204E-001    1.6150223778E+001    2.5684595512E-001    7.7487314527E+000    1.2294147218E-001    9.2377533662E+000    1.4629475321E-001    1.4258011160E+001    2.2621778713E-001    1.1764203475E+001    1.8709264462E-001
    6.3095734448E+001    7.1264278960E+001    7.9432823472E+001    7.1891635248E+000    1.0355453436E-001    4.7663855045E+000    6.8740850208E-002    1.1190772624E+001    1.6102212191E-001    5.3637192596E+000    7.7260372291E-002    6.3885380937E+000    9.2135547940E-002    9.8694824474E+000    1.4216252777E-001    8.1516224171E+000    1.1729230704E-001
    7.9432823472E+001    8.9716411736E+001    1.0000000000E+002    5.0966572677E+000    9.4291552198E-002    3.3722626499E+000    6.2205026389E-002    7.9515270332E+000    1.4768709788E-001    3.8025340016E+000    7.0349410303E-002    4.5199508896E+000    8.3375375394E-002    6.9968320055E+000    1.2944604976E-001    5.7920796170E+000    1.0757876138E-001
#nx: 3
