#labels: ptj1_lower[1]   ptj1_center[2]   ptj1_upper[3]   tot_scale01[4]   tot_scale01_Err[5]   tot_scale02[6]   tot_scale02_Err[7]   tot_scale03[8]   tot_scale03_Err[9]   tot_scale04[10]  tot_scale04_Err[11]  tot_scale05[12]  tot_scale05_Err[13]  tot_scale06[14]  tot_scale06_Err[15]  tot_scale07[16]  tot_scale07_Err[17] 
#neval: 1024000
#overflow:lower center upper    9.0818130477E-002    2.4616347273E-004    6.2995688343E-002    1.7089324822E-004    1.3448342875E-001    3.6440688752E-004    6.7757946232E-002    1.8365860717E-004    8.4435124759E-002    2.2905365610E-004    1.2467764039E-001    3.3794002111E-004    9.7960897727E-002    2.6544256175E-004
    1.0000000000E-002    1.1294627059E-002    1.2589254118E-002    3.4207998486E-002    5.7390078485E-003    2.4229116026E-002    4.0431758109E-003    4.9483761336E-002    8.3489502562E-003    2.5522037394E-002    4.2817814370E-003    3.2475054853E-002    5.4191971386E-003    4.6961686078E-002    7.8786686422E-003    3.6045137520E-002    6.0815720553E-003
    1.2589254118E-002    1.4219093021E-002    1.5848931925E-002    1.2815242356E-001    1.0868153107E-002    9.0782478188E-002    7.6899185032E-003    1.8539068494E-001    1.5745160453E-002    9.5612461732E-002    8.1085542057E-003    1.2167864299E-001    1.0307042359E-002    1.7593119012E-001    1.4920101059E-002    1.3504294244E-001    1.1469145806E-002
    1.5848931925E-002    1.7900777537E-002    1.9952623150E-002    1.7977534247E-001    1.0276430887E-002    1.2691752006E-001    7.2280715619E-003    2.6105857293E-001    1.4986773793E-002    1.3412749112E-001    7.6670797758E-003    1.7011158894E-001    9.6880142140E-003    2.4680056044E-001    1.4107768436E-002    1.9016121467E-001    1.0916719097E-002
    1.9952623150E-002    2.2535743732E-002    2.5118864315E-002    2.5509853385E-001    1.2457046584E-002    1.7954335199E-001    8.6992220096E-003    3.7169779129E-001    1.8313697430E-002    1.9032491254E-001    9.2940020697E-003    2.4064766532E-001    1.1659843951E-002    3.5020632004E-001    1.7101377953E-002    2.7075342781E-001    1.3340128651E-002
    2.5118864315E-002    2.8370820458E-002    3.1622776602E-002    2.7238387606E-001    9.8464224797E-003    1.9172337500E-001    6.8942607353E-003    3.9686460143E-001    1.4434542857E-002    2.0322122831E-001    7.3462574207E-003    2.5697293756E-001    9.2405969458E-003    3.7393611571E-001    1.3517441006E-002    2.8908552522E-001    1.0514461073E-002
    3.1622776602E-002    3.5716746829E-002    3.9810717055E-002    2.6867833133E-001    8.6189666992E-003    1.8872213864E-001    6.0242523326E-003    3.9236428184E-001    1.2658060597E-002    2.0045658099E-001    6.4304724080E-003    2.5295028501E-001    8.0744970118E-003    3.6884904146E-001    1.1832355775E-002    2.8580738640E-001    9.2204295441E-003
    3.9810717055E-002    4.4964720209E-002    5.0118723363E-002    2.5883230996E-001    7.2038887757E-003    1.8150007292E-001    5.0113032622E-003    3.7872556400E-001    1.0642388342E-002    1.9311062284E-001    5.3747055324E-003    2.4327032062E-001    6.7168091544E-003    3.5533215112E-001    9.8896976789E-003    2.7587262303E-001    7.7521663870E-003
    5.0118723363E-002    5.6607228905E-002    6.3095734448E-002    2.3984842556E-001    5.3364832398E-003    1.6845615840E-001    3.7287412452E-003    3.5033164217E-001    7.8439140787E-003    1.7894705206E-001    3.9814643015E-003    2.2578714711E-001    4.9977504891E-003    3.2927054975E-001    7.3260717306E-003    2.5518982144E-001    5.7136918057E-003
    6.3095734448E-002    7.1264278960E-002    7.9432823472E-002    2.2199499885E-001    4.4357930622E-003    1.5589810687E-001    3.1056520725E-003    3.2429118705E-001    6.5043467968E-003    1.6562689759E-001    3.3094738487E-003    2.0895519121E-001    4.1626042527E-003    3.0476087197E-001    6.0895793531E-003    2.3622134046E-001    4.7379194394E-003
    7.9432823472E-002    8.9716411736E-002    1.0000000000E-001    2.0309523234E-001    3.8279632113E-003    1.4239503781E-001    2.6674330114E-003    2.9722218082E-001    5.6437113245E-003    1.5152608582E-001    2.8559817746E-003    1.9085659827E-001    3.5752453069E-003    2.7881474997E-001    5.2551337291E-003    2.1650363861E-001    4.1110122862E-003
    1.0000000000E-001    1.1294627059E-001    1.2589254118E-001    1.7301182722E-001    2.9460339700E-003    1.2129715689E-001    2.0594675568E-003    2.5320895902E-001    4.3279697222E-003    1.2908134119E-001    2.1979885546E-003    1.6257843742E-001    2.7603698708E-003    2.3751541971E-001    4.0443968837E-003    1.8444337097E-001    3.1525951061E-003
    1.2589254118E-001    1.4219093021E-001    1.5848931925E-001    1.5649826179E-001    2.5088218478E-003    1.0974945439E-001    1.7565140096E-003    2.2896908645E-001    3.6790383402E-003    1.1676083566E-001    1.8717916233E-003    1.4710068447E-001    2.3543115957E-003    2.1484514053E-001    3.4441799946E-003    1.6678647673E-001    2.6798981996E-003
    1.5848931925E-001    1.7900777537E-001    1.9952623150E-001    1.3543634005E-001    2.0076972938E-003    9.4948170768E-002    1.4047385668E-003    1.9822450831E-001    2.9463355150E-003    1.0104687466E-001    1.4979106547E-003    1.2726205325E-001    1.8828157809E-003    1.8593075206E-001    2.7562223521E-003    1.4439140173E-001    2.1461802004E-003
    1.9952623150E-001    2.2535743732E-001    2.5118864315E-001    1.1453592096E-001    1.6349313768E-003    8.0257299275E-002    1.1417100089E-003    1.6772678684E-001    2.4047922000E-003    8.5453408185E-002    1.2197960004E-003    1.0757141092E-001    1.5302702388E-003    1.5723807890E-001    2.2444789954E-003    1.2217614292E-001    1.7517072918E-003
    2.5118864315E-001    2.8370820458E-001    3.1622776602E-001    9.7491861356E-002    1.2849297921E-003    6.8328944510E-002    8.9928222773E-004    1.4273059143E-001    1.8850203657E-003    7.2737109485E-002    9.5866544826E-004    9.1583457631E-002    1.2053365728E-003    1.3383952265E-001    1.7639871433E-003    1.0396832531E-001    1.3730932427E-003
    3.1622776602E-001    3.5716746829E-001    3.9810717055E-001    8.3274524140E-002    1.0420782823E-003    5.8358656441E-002    7.3010784424E-004    1.2193222175E-001    1.5269905664E-003    6.2129782891E-002    7.7747784332E-004    7.8219963412E-002    9.7858676582E-004    1.1432156905E-001    1.4305938765E-003    8.8818302864E-002    1.1122959022E-003
    3.9810717055E-001    4.4964720209E-001    5.0118723363E-001    7.2930708282E-002    8.5889338594E-004    5.1112196962E-002    6.0181152687E-004    1.0677967169E-001    1.2584014469E-003    5.4412428272E-002    6.4080653893E-004    6.8507303289E-002    8.0662713098E-004    1.0012129266E-001    1.1791125862E-003    7.7780828429E-002    9.1664925995E-004
    5.0118723363E-001    5.6607228905E-001    6.3095734448E-001    6.0826271395E-002    7.2182454272E-004    4.2624096465E-002    5.0597944664E-004    8.9069425426E-002    1.0572121143E-003    4.5381502625E-002    5.3854167992E-004    5.7130432216E-002    6.7818034576E-004    8.3503987049E-002    9.9094068870E-004    6.4880267822E-002    7.7009821039E-004
    6.3095734448E-001    7.1264278960E-001    7.9432823472E-001    5.1699789051E-002    5.6407802743E-004    3.6218311043E-002    3.9455852948E-004    7.5729270435E-002    8.2808077808E-004    3.8572380958E-002    4.2084954240E-004    4.8544554268E-002    5.2883934659E-004    7.0974899765E-002    7.7438191125E-004    5.5162984652E-002    6.0319354709E-004
    7.9432823472E-001    8.9716411736E-001    1.0000000000E+000    4.2958773148E-002    4.5386413226E-004    3.0089078139E-002    3.1761051979E-004    6.2937618702E-002    6.6589433999E-004    3.2050849603E-002    3.3862072814E-004    4.0329348459E-002    4.2570348176E-004    5.8974991469E-002    6.2307722886E-004    4.5845244178E-002    4.8505312472E-004
    1.0000000000E+000    1.1294627059E+000    1.2589254118E+000    3.7274873447E-002    1.0976110708E-003    2.6097278123E-002    7.5856169606E-004    5.4634073226E-002    1.6299725240E-003    2.7810183468E-002    8.1890996354E-004    3.4979011931E-002    1.0167243684E-003    5.1171976815E-002    1.5068308239E-003    3.9796746035E-002    1.1873103862E-003
    1.2589254118E+000    1.4219093021E+000    1.5848931925E+000    3.0155363667E-002    2.9363316360E-004    2.1120891262E-002    2.0561879069E-004    4.4181551737E-002    4.3052356364E-004    2.2498431747E-002    2.1907497992E-004    2.8309002340E-002    2.7559740518E-004    4.1398116955E-002    4.0310772513E-004    3.2182883136E-002    3.1360350624E-004
    1.5848931925E+000    1.7900777537E+000    1.9952623150E+000    2.5159983498E-002    2.3664377168E-004    1.7628283307E-002    1.6588693772E-004    3.6848492890E-002    3.4654562382E-004    1.8771458959E-002    1.7655611136E-004    2.3627748811E-002    2.2234353891E-004    3.4540320950E-002    3.2487111231E-004    2.6841310316E-002    2.5243199649E-004
    1.9952623150E+000    2.2535743732E+000    2.5118864315E+000    2.0563520656E-002    1.9103662136E-004    1.4407460908E-002    1.3407132538E-004    3.0117571741E-002    2.7944229017E-004    1.5342111973E-002    1.4252935015E-004    1.9310778106E-002    1.7970006174E-004    2.8230169681E-002    2.6226035544E-004    2.1938348781E-002    2.0355234740E-004
    2.5118864315E+000    2.8370820458E+000    3.1622776602E+000    1.7155323411E-002    1.5622292078E-004    1.2019373193E-002    1.0959886259E-004    2.5126448842E-002    2.2859056153E-004    1.2799310833E-002    1.1655540816E-004    1.6109948185E-002    1.4689884149E-004    2.3551302276E-002    2.1446714477E-004    1.8302697278E-002    1.6651075027E-004
    3.1622776602E+000    3.5716746829E+000    3.9810717055E+000    1.4269200132E-002    1.2228068010E-004    9.9945454644E-003    8.5457764434E-005    2.0905694467E-002    1.7970737634E-004    1.0646020681E-002    9.1231648390E-005    1.3396007178E-002    1.1454175978E-004    1.9589152445E-002    1.6787029836E-004    1.5228200357E-002    1.3090308656E-004
    3.9810717055E+000    4.4964720209E+000    5.0118723363E+000    1.1843531086E-002    9.8293580656E-005    8.2936035993E-003    6.8776639520E-005    1.7356133640E-002    1.4424913786E-004    8.8362680259E-003    7.3335259358E-005    1.1116180695E-002    9.2183517493E-005    1.6259126916E-002    1.3494014507E-004    1.2642616628E-002    1.0507447031E-004
    5.0118723363E+000    5.6607228905E+000    6.3095734448E+000    9.6487921607E-003    7.7291054650E-005    6.7562420683E-003    5.4121685769E-005    1.4140966806E-002    1.1333428865E-004    7.1988086188E-003    5.7665612556E-005    9.0556061365E-003    7.2541016858E-005    1.3246128641E-002    1.0610729671E-004    1.0300613361E-002    8.2555365839E-005
    6.3095734448E+000    7.1264278960E+000    7.9432823472E+000    8.0377996920E-003    6.3789184038E-005    5.6289620279E-003    4.4727125890E-005    1.1778107039E-002    9.3390483121E-005    5.9968730526E-003    4.7592084086E-005    7.5446768436E-003    5.9949189444E-005    1.1034513640E-002    8.7571555442E-005    8.5794506414E-003    6.8027828045E-005
    7.9432823472E+000    8.9716411736E+000    1.0000000000E+001    6.5792880648E-003    5.1873598038E-005    4.6085379990E-003    3.6381532147E-005    9.6386778177E-003    7.5923203856E-005    4.9087009895E-003    3.8702057048E-005    6.1769700616E-003    4.8763324706E-005    9.0322285545E-003    7.1213509548E-005    7.0210399951E-003    5.5304250325E-005
    1.0000000000E+001    1.1294627059E+001    1.2589254118E+001    5.3695396810E-003    3.9923354682E-005    3.7599532848E-003    2.7948386863E-005    7.8692091081E-003    5.8564722967E-005    4.0061271806E-003    2.9786172714E-005    5.0395849785E-003    3.7460111852E-005    7.3714525271E-003    5.4807885078E-005    5.7321173011E-003    4.2659923906E-005
    1.2589254118E+001    1.4219093021E+001    1.5848931925E+001    4.4082628408E-003    3.3294646692E-005    3.0862354844E-003    2.3352483146E-005    6.4617953273E-003    4.8729368602E-005    3.2889339934E-003    2.4840600313E-005    4.1365795821E-003    3.1300075921E-005    6.0517851041E-003    4.5707811483E-005    4.7069239466E-003    3.5495620080E-005
    1.5848931925E+001    1.7900777537E+001    1.9952623150E+001    3.6321951450E-003    2.6131824533E-005    2.5438800966E-003    1.8342340257E-005    5.3218752534E-003    3.8212058827E-005    2.7099223695E-003    1.9496533923E-005    3.4096434055E-003    2.4584822052E-005    4.9863779152E-003    3.5874491192E-005    3.8765793100E-003    2.7834563868E-005
    1.9952623150E+001    2.2535743732E+001    2.5118864315E+001    2.9641189905E-003    2.1273577048E-005    2.0750559986E-003    1.4906701211E-005    4.3451505887E-003    3.1164805416E-005    2.2114814974E-003    1.5871873625E-005    2.7812635552E-003    1.9979925763E-005    4.0692244998E-003    2.9204954728E-005    3.1651100541E-003    2.2701178461E-005
    2.5118864315E+001    2.8370820458E+001    3.1622776602E+001    2.3825860907E-003    1.6596468834E-005    1.6680328847E-003    1.1641857361E-005    3.4925045469E-003    2.4285754575E-005    1.7776091555E-003    1.2382358423E-005    2.2357175297E-003    1.5603951707E-005    3.2708800572E-003    2.2784091262E-005    2.5440225901E-003    1.7690315769E-005
    3.1622776602E+001    3.5716746829E+001    3.9810717055E+001    1.9429870709E-003    1.3275723820E-005    1.3597726053E-003    9.3090844967E-006    2.8492880804E-003    1.9435102222E-005    1.4496313983E-003    9.9048039866E-006    1.8225464725E-003    1.2477262040E-005    2.6673863692E-003    1.8225280698E-005    2.0754885627E-003    1.4156986321E-005
    3.9810717055E+001    4.4964720209E+001    5.0118723363E+001    1.5545893877E-003    1.0803257289E-005    1.0878306457E-003    7.5771890522E-006    2.2799920430E-003    1.5809953070E-005    1.1598541348E-003    8.0601364801E-006    1.4580540145E-003    1.0155947491E-005    2.1341832916E-003    1.4831010287E-005    1.6607999173E-003    1.1516342275E-005
    5.0118723363E+001    5.6607228905E+001    6.3095734448E+001    1.2670376083E-003    8.8296196347E-006    8.8638285985E-004    6.1864786763E-006    1.8587897626E-003    1.2936298461E-005    9.4531637776E-004    6.5876371745E-006    1.1880471398E-003    8.2919341401E-006    1.7394242588E-003    1.2121545949E-005    1.3539862534E-003    9.4231045588E-006
    6.3095734448E+001    7.1264278960E+001    7.9432823472E+001    1.0070944506E-003    6.8400115066E-006    7.0430564848E-004    4.7909616026E-006    1.4779653237E-003    1.0025058556E-005    7.5137696932E-004    5.1032225553E-006    9.4400326216E-004    6.4214782197E-006    1.3825671052E-003    9.3901569036E-006    1.0765847604E-003    7.3024888277E-006
    7.9432823472E+001    8.9716411736E+001    1.0000000000E+002    7.8150647425E-004    5.2631126828E-006    5.4608833168E-004    3.6827357032E-006    1.1479480844E-003    7.7227983353E-006    5.8306940898E-004    3.9267237092E-006    7.3193956012E-004    4.9360877980E-006    1.0728736943E-003    7.2253466014E-006    8.3619242864E-004    5.6254682450E-006
#nx: 3
