#labels: pt_diff_lower[1]   pt_diff_center[2]   pt_diff_upper[3]   tot_scale01[4]   tot_scale01_Err[5]   tot_scale02[6]   tot_scale02_Err[7]   tot_scale03[8]   tot_scale03_Err[9]   tot_scale04[10]  tot_scale04_Err[11]  tot_scale05[12]  tot_scale05_Err[13]  tot_scale06[14]  tot_scale06_Err[15]  tot_scale07[16]  tot_scale07_Err[17] 
#neval: 4060078
#overflow:lower center upper   -6.4234079828E+001    3.0586753983E+000   -4.2990773206E+001    2.0442564672E+000   -9.8929784441E+001    4.7177472587E+000   -4.7924013678E+001    2.2820285122E+000   -5.7621900714E+001    2.7399819636E+000   -8.8182320683E+001    4.1990341507E+000   -7.2062785624E+001    3.4365182463E+000
    1.0000000000E-002    1.1294627059E-002    1.2589254118E-002   -4.9142746750E+003    1.0614687287E+003   -3.2855928245E+003    7.0507421123E+002   -7.5774906565E+003    1.6489452526E+003   -3.6664612830E+003    7.9194474346E+002   -4.4037845659E+003    9.4503339125E+002   -6.7464521399E+003    1.4572136174E+003   -5.5196227085E+003    1.2011305687E+003
    1.2589254118E-002    1.4219093021E-002    1.5848931925E-002    3.3465894683E+003    1.0709166176E+003    2.2549309179E+003    7.1758706261E+002    5.1153109894E+003    1.6471311575E+003    2.4968365685E+003    7.9899366143E+002    3.0223556307E+003    9.6180476395E+002    4.5942905461E+003    1.4701839405E+003    3.7261130337E+003    1.1998091390E+003
    1.5848931925E-002    1.7900777537E-002    1.9952623150E-002    7.4655285787E+003    1.2222391957E+003    4.9968787751E+003    8.1290506052E+002    1.1496837247E+004    1.8960022925E+003    5.5699107807E+003    9.1189300275E+002    6.6974755555E+003    1.0895625083E+003    1.0248884034E+004    1.6779237594E+003    8.3745670991E+003    1.3810927368E+003
    1.9952623150E-002    2.2535743732E-002    2.5118864315E-002    4.4314663988E+003    1.1925222467E+003    2.9693558547E+003    7.9616467886E+002    6.8154576500E+003    1.8419098188E+003    3.3062457947E+003    8.8972166510E+002    3.9799220969E+003    1.0671248423E+003    6.0836395900E+003    1.6371275102E+003    4.9645399142E+003    1.3416905046E+003
    2.5118864315E-002    2.8370820458E-002    3.1622776602E-002    1.1563912393E+003    1.1887812836E+003    7.8036057944E+002    7.9362134583E+002    1.7647700364E+003    1.8365377612E+003    8.6276490170E+002    8.8693059272E+002    1.0459421052E+003    1.0637159321E+003    1.5875258643E+003    1.6319918126E+003    1.2855000698E+003    1.3377773713E+003
    3.1622776602E-002    3.5716746829E-002    3.9810717055E-002    1.2032472875E+002    1.1074290432E+003    7.4232645415E+001    7.3662859153E+002    2.0166424905E+002    1.7181443300E+003    8.9772344554E+001    8.2623499484E+002    9.9496375731E+001    9.8732673081E+002    1.6518511427E+002    1.5203092079E+003    1.4689698992E+002    1.2515368068E+003
    3.9810717055E-002    4.4964720209E-002    5.0118723363E-002    2.7462921547E+003    9.8209714621E+002    1.8391922104E+003    6.5674363906E+002    4.2274985075E+003    1.5143094869E+003    2.0489643992E+003    7.3272688258E+002    2.4651278178E+003    8.8025438815E+002    3.7701857973E+003    1.3482501146E+003    3.0794095063E+003    1.1030587051E+003
    5.0118723363E-002    5.6607228905E-002    6.3095734448E-002    6.1842267916E+002    7.1049860865E+002    4.0014435970E+002    4.7393830748E+002    9.8828064424E+002    1.0986837876E+003    4.6139521286E+002    5.3009158270E+002    5.3632621250E+002    6.3523458784E+002    8.4898775163E+002    9.7539213328E+002    7.1988690367E+002    8.0030715425E+002
    6.3095734448E-002    7.1264278960E-002    7.9432823472E-002    1.8409529128E+003    1.7870636153E+003    1.1592546307E+003    1.1187761191E+003    3.0353589873E+003    2.9654044266E+003    1.3735053543E+003    1.3332994163E+003    1.5537858533E+003    1.4995312167E+003    2.5273110559E+003    2.4533303384E+003    2.2110269948E+003    2.1600704448E+003
    7.9432823472E-002    8.9716411736E-002    1.0000000000E-001   -1.5314079962E+003    1.4547117674E+003   -9.6233100245E+002    9.1085393341E+002   -2.5293834623E+003    2.4133780717E+003   -1.1425588714E+003    1.0853370489E+003   -1.2898428510E+003    1.2208464980E+003   -2.1023592364E+003    1.9970685330E+003   -1.8424625024E+003    1.7579614430E+003
    1.0000000000E-001    1.1294627059E-001    1.2589254118E-001    3.5430967084E+002    3.4946916187E+002    2.4209627069E+002    2.2824771083E+002    5.3205330166E+002    5.5405894778E+002    2.6434474592E+002    2.6073332005E+002    3.2448933185E+002    3.0592766659E+002    4.8640611181E+002    4.7976092727E+002    3.8756015930E+002    4.0358959036E+002
    1.2589254118E-001    1.4219093021E-001    1.5848931925E-001   -3.4509489921E+002    2.2899196680E+002   -2.3042114918E+002    1.5214972393E+002   -5.3289119565E+002    3.5557952833E+002   -2.5746975304E+002    1.7084722282E+002   -3.0884079513E+002    2.0393111433E+002   -4.7375581855E+002    3.1436650302E+002   -3.8817050103E+002    2.5901250536E+002
    1.5848931925E-001    1.7900777537E-001    1.9952623150E-001    3.0926388222E+002    1.3746398600E+002    2.0502427394E+002    9.1939417584E+001    4.8146019433E+002    2.1190457242E+002    2.3073680765E+002    1.0255966868E+002    2.7480055547E+002    1.2322932566E+002    4.2456600780E+002    1.8871436048E+002    3.5070694803E+002    1.5435628270E+002
    1.9952623150E-001    2.2535743732E-001    2.5118864315E-001   -1.2095588385E+002    1.0987595495E+002   -7.8121695954E+001    7.3539361615E+001   -1.9364402367E+002    1.6926772550E+002   -9.0243239218E+001    8.1976682506E+001   -1.0470899387E+002    9.8567145403E+001   -1.6605158144E+002    1.5084074873E+002   -1.4105486881E+002    1.2329859895E+002
    2.5118864315E-001    2.8370820458E-001    3.1622776602E-001    1.4262073670E+002    9.3845295008E+001    9.5296342421E+001    6.2867131574E+001    2.2001136001E+002    1.4441771874E+002    1.0640703742E+002    7.0016464992E+001    1.2772871879E+002    8.4262816032E+001    1.9579369040E+002    1.2883341555E+002    1.6026145777E+002    1.0519726859E+002
    3.1622776602E-001    3.5716746829E-001    3.9810717055E-001   -6.2591848403E+001    8.3448873030E+001   -4.3028523642E+001    5.5911958479E+001   -9.3460429205E+001    1.2838235197E+002   -4.6698771229E+001    6.2259861793E+001   -5.7672498825E+001    7.4940576313E+001   -8.5927819979E+001    1.1456092003E+002   -6.8078778420E+001    9.3516729669E+001
    3.9810717055E-001    4.4964720209E-001    5.0118723363E-001   -4.3704589520E+001    4.9436250404E+001   -2.9333014947E+001    3.3006911719E+001   -6.7044639631E+001    7.6354676111E+001   -3.2607291200E+001    3.6883591185E+001   -3.9315972914E+001    4.4240213611E+001   -5.9998868804E+001    6.7867451330E+001   -4.8836894978E+001    5.5618544881E+001
    5.0118723363E-001    5.6607228905E-001    6.3095734448E-001    3.5786363793E+001    3.1539094140E+001    2.4048521733E+001    2.1095988526E+001    5.4831595385E+001    4.8625134964E+001    2.6699630360E+001    2.3530810794E+001    3.2232998578E+001    2.8275624412E+001    4.9128509610E+001    4.3297740404E+001    3.9940625828E+001    3.5419693843E+001
    6.3095734448E-001    7.1264278960E-001    7.9432823472E-001    1.4572524204E+001    2.8189261187E+001    8.8497212044E+000    1.8657934366E+001    2.4979828604E+001    4.4083291697E+001    1.0872325892E+001    2.1031554314E+001    1.1861562809E+001    2.5007822875E+001    2.0005564117E+001    3.8698997113E+001    1.8195895643E+001    3.2111308208E+001
    7.9432823472E-001    8.9716411736E-001    1.0000000000E+000   -5.7936763502E+001    2.2123847534E+001   -3.7761892090E+001    1.4519594206E+001   -9.2035166533E+001    3.4931054404E+001   -4.3225687267E+001    1.6506246756E+001   -5.0613465042E+001    1.9461073932E+001   -7.9537190727E+001    3.0372229557E+001   -6.7040583513E+001    2.5444602951E+001
    1.0000000000E+000    1.1294627059E+000    1.2589254118E+000   -4.2950995717E+000    1.3973606688E+001   -3.2275095303E+000    9.2422989309E+000   -5.6744017185E+000    2.1826884161E+001   -3.2045046986E+000    1.0425483168E+001   -4.3259336792E+000    1.2387747222E+001   -5.8964314396E+000    1.9183353594E+001   -4.1333678921E+000    1.5899216631E+001
    1.2589254118E+000    1.4219093021E+000    1.5848931925E+000    7.8830567253E+000    1.0239192074E+001    5.2276013327E+000    6.8614804508E+000    1.2276042637E+001    1.5751216236E+001    5.8814218144E+000    7.6392964967E+000    7.0067203379E+000    9.1966604879E+000    1.0822078217E+001    1.4056645964E+001    8.9421586620E+000    1.1473556981E+001
    1.5848931925E+000    1.7900777537E+000    1.9952623150E+000   -6.5706508129E+000    6.4775141629E+000   -4.3226539421E+000    4.3360378425E+000   -1.0322891535E+001    9.9780941763E+000   -4.9022568748E+000    4.8327691184E+000   -5.7937905671E+000    5.8117294345E+000   -9.0203710962E+000    8.8925105282E+000   -7.5194373859E+000    7.2682788669E+000
    1.9952623150E+000    2.2535743732E+000    2.5118864315E+000    3.6414967494E+000    5.0532977824E+000    2.4078014348E+000    3.3790486113E+000    5.6873364346E+000    7.7915298576E+000    2.7168621469E+000    3.7701841871E+000    3.2272528469E+000    4.5290463294E+000    4.9991474149E+000    6.9373069053E+000    4.1427898441E+000    5.6755339050E+000
    2.5118864315E+000    2.8370820458E+000    3.1622776602E+000   -8.0984982233E+000    4.1732224015E+000   -5.4002166539E+000    2.7961721946E+000   -1.2527219633E+001    6.4205952394E+000   -6.0421592505E+000    3.1135741025E+000   -7.2380821432E+000    3.7477985288E+000   -1.1117842262E+001    5.7291150909E+000   -9.1251219029E+000    4.6769128319E+000
    3.1622776602E+000    3.5716746829E+000    3.9810717055E+000   -5.5550067268E+000    3.9661614188E+000   -3.6820737077E+000    2.5870414889E+000   -8.6516773011E+000    6.2904779085E+000   -4.1445011599E+000    2.9590892341E+000   -4.9352005043E+000    3.4674939923E+000   -7.6260668151E+000    5.4448560491E+000   -6.3020855666E+000    4.5821323028E+000
    3.9810717055E+000    4.4964720209E+000    5.0118723363E+000    2.9093576779E-001    3.1650728684E+000    1.3456440584E-001    2.0666670455E+000    6.0735824064E-001    5.0145878908E+000    2.1706249630E-001    2.3614099531E+000    1.8036095318E-001    2.7700195745E+000    3.9940466559E-001    4.3450995392E+000    4.4241405093E-001    3.6527439558E+000
    5.0118723363E+000    5.6607228905E+000    6.3095734448E+000   -7.0133437017E-001    1.1938619291E+000   -4.8030510220E-001    8.0035859100E-001   -1.0514949806E+000    1.8357726892E+000   -5.2325429179E-001    8.9072118065E-001   -6.4376820530E-001    1.0727460761E+000   -9.6281121333E-001    1.6389666633E+000   -7.6593371553E-001    1.3372200748E+000
    6.3095734448E+000    7.1264278960E+000    7.9432823472E+000   -1.6385654532E+000    8.7212029082E-001   -1.0928925281E+000    5.8229694157E-001   -2.5358581325E+000    1.3472029257E+000   -1.2225073264E+000    6.5067491988E-001   -1.4648386165E+000    7.8047111162E-001   -2.2494679560E+000    1.1972708469E+000   -1.8471788048E+000    9.8133434913E-001
    7.9432823472E+000    8.9716411736E+000    1.0000000000E+001   -3.4694949807E-001    5.6135617484E-001   -2.3917776690E-001    3.7418052367E-001   -5.1397219456E-001    8.6885512158E-001   -2.5885343942E-001    4.1881881196E-001   -3.2057756838E-001    5.0152605725E-001   -4.7630186315E-001    7.7064527676E-001   -3.7438945493E-001    6.3289453948E-001
    1.0000000000E+001    1.1294627059E+001    1.2589254118E+001   -6.2625842353E-001    4.3068316523E-001   -4.2290329400E-001    2.8805139354E-001   -9.5502996448E-001    6.6400506298E-001   -4.6724133568E-001    3.2132578153E-001   -5.6683073603E-001    3.8608444467E-001   -8.5974487813E-001    5.9125375642E-001   -6.9566632520E-001    4.8367693084E-001
    1.2589254118E+001    1.4219093021E+001    1.5848931925E+001   -9.0347796181E-001    2.9904929671E-001   -6.0425971175E-001    1.9953219200E-001   -1.3924873885E+000    4.6231080445E-001   -6.7407037379E-001    2.2311586971E-001   -8.0990851105E-001    2.6743934336E-001   -1.2403195246E+000    4.1054314241E-001   -1.0143206187E+000    3.3675808131E-001
    1.5848931925E+001    1.7900777537E+001    1.9952623150E+001   -2.1656566756E-001    2.3982619477E-001   -1.4692761766E-001    1.6006153989E-001   -3.2890111326E-001    3.7062262852E-001   -1.6157616085E-001    1.7893046603E-001   -1.9693175921E-001    2.1453557291E-001   -2.9730733587E-001    3.2924003072E-001   -2.3957931931E-001    2.6997025393E-001
    1.9952623150E+001    2.2535743732E+001    2.5118864315E+001   -5.6623756628E-001    1.5396020528E-001   -3.7993516682E-001    1.0255570320E-001   -8.6932571711E-001    2.3841063120E-001   -4.2246073960E-001    1.1486723253E-001   -5.0923918850E-001    1.3745867093E-001   -7.7734658589E-001    2.1136082638E-001   -6.3323733235E-001    1.7366392036E-001
    2.5118864315E+001    2.8370820458E+001    3.1622776602E+001   -1.4455223497E-001    1.1243522419E-001   -9.6901084262E-002    7.4855409528E-002   -2.2227542460E-001    1.7423857350E-001   -1.0784809722E-001    8.3886112110E-002   -1.2987960532E-001    1.0033108628E-001   -1.9844530464E-001    1.5435418428E-001   -1.6191065575E-001    1.2691948174E-001
    3.1622776602E+001    3.5716746829E+001    3.9810717055E+001   -1.4042174985E-001    1.3363026905E-001   -9.4165934301E-002    8.9351131195E-002   -2.1577416540E-001    2.0603749452E-001   -1.0476640871E-001    9.9699394133E-002   -1.2621359683E-001    1.1976016309E-001   -1.9277486046E-001    1.8345132785E-001   -1.5717498539E-001    1.5008256494E-001
    3.9810717055E+001    4.4964720209E+001    5.0118723363E+001   -1.5096792983E-001    6.8859534595E-002   -1.0184563175E-001    4.6089690953E-002   -2.3040463104E-001    1.0606085036E-001   -1.1263474395E-001    5.1374991074E-002   -1.3650693958E-001    6.1775478736E-002   -2.0725294791E-001    9.4532272868E-002   -1.6783216124E-001    7.7257222038E-002
    5.0118723363E+001    5.6607228905E+001    6.3095734448E+001   -1.5371113420E-001    3.5409592893E-002   -1.0288290027E-001    2.3549480987E-002   -2.3676392385E-001    5.4938584414E-002   -1.1468140460E-001    2.6418527652E-002   -1.3789722357E-001    3.1564118393E-002   -2.1101889471E-001    4.8611268101E-002   -1.7246441994E-001    4.0018559157E-002
    6.3095734448E+001    7.1264278960E+001    7.9432823472E+001   -1.2071635606E-001    4.7598456015E-002   -8.1119667993E-002    3.1760758132E-002   -1.8501252597E-001    7.3560936074E-002   -9.0064531392E-002    3.5512442355E-002   -1.0872727114E-001    4.2569954323E-002   -1.6572275108E-001    6.5344476383E-002   -1.3476748253E-001    5.3583518821E-002
    7.9432823472E+001    8.9716411736E+001    1.0000000000E+002   -4.1550035749E-002    1.5262112124E-002   -2.7849273101E-002    1.0076429815E-002   -6.3875790202E-002    2.3881245108E-002   -3.0999813291E-002    1.1386816346E-002   -3.7327266525E-002    1.3505759378E-002   -5.7041037820E-002    2.0952249479E-002   -4.6528630401E-002    1.7395661543E-002
#nx: 3
