#labels: pt_diff_lower[1]   pt_diff_center[2]   pt_diff_upper[3]   tot_scale01[4]   tot_scale01_Err[5]   tot_scale02[6]   tot_scale02_Err[7]   tot_scale03[8]   tot_scale03_Err[9]   tot_scale04[10]  tot_scale04_Err[11]  tot_scale05[12]  tot_scale05_Err[13]  tot_scale06[14]  tot_scale06_Err[15]  tot_scale07[16]  tot_scale07_Err[17] 
#neval: 3707716
#overflow:lower center upper   -5.6858502232E+001    1.5265526416E+000   -3.8083400603E+001    1.0220198131E+000   -8.7495926817E+001    2.3505314658E+000   -4.2421213878E+001    1.1389363695E+000   -5.1044393128E+001    1.3698456624E+000   -7.8056923844E+001    2.0956936714E+000   -6.3734094366E+001    1.7121824947E+000
    1.0000000000E-002    1.1294627059E-002    1.2589254118E-002   -2.8925672912E+003    1.0321051588E+003   -1.9301839008E+003    6.8726888645E+002   -4.4710374708E+003    1.5984189036E+003   -2.1580979256E+003    7.7003705633E+002   -2.5870868746E+003    9.2116834814E+002   -3.9709963488E+003    1.4169024968E+003   -3.2568090246E+003    1.1643259857E+003
    1.2589254118E-002    1.4219093021E-002    1.5848931925E-002    3.3488249996E+003    1.4503747767E+003    2.2468799376E+003    9.7090977342E+002    5.1437385064E+003    2.2335287123E+003    2.4985044624E+003    1.0821012899E+003    3.0115646458E+003    1.3013412506E+003    4.5973595452E+003    1.9911145922E+003    3.7468203068E+003    1.6269549326E+003
    1.5848931925E-002    1.7900777537E-002    1.9952623150E-002    5.6516430600E+003    1.2669225183E+003    3.7978388384E+003    8.4709662541E+002    8.6635427109E+003    1.9532813011E+003    4.2165999737E+003    9.4523051098E+002    5.0903641911E+003    1.1353905502E+003    7.7587318451E+003    1.7392662601E+003    6.3107286106E+003    1.4228161161E+003
    1.9952623150E-002    2.2535743732E-002    2.5118864315E-002    2.0786213359E+003    1.2991403996E+003    1.4035676125E+003    8.6870397472E+002    3.1675225907E+003    2.0032561089E+003    1.5508259416E+003    9.6926775391E+002    1.8812463136E+003    1.1643515678E+003    2.8535888381E+003    1.7834958582E+003    2.3072980772E+003    1.4592189435E+003
    2.5118864315E-002    2.8370820458E-002    3.1622776602E-002    4.6534390871E+003    1.4997717490E+003    3.1030199959E+003    1.0007141366E+003    7.1989997841E+003    2.3183949253E+003    3.4718560468E+003    1.1189555763E+003    4.1590763967E+003    1.3412889865E+003    6.3883698335E+003    2.0589281216E+003    5.2439210404E+003    1.6887734815E+003
    3.1622776602E-002    3.5716746829E-002    3.9810717055E-002    8.3461937455E+003    7.7917102261E+003    5.5657730744E+003    5.1903511589E+003    1.2907083744E+004    1.2063583668E+004    6.2269608951E+003    5.8132696608E+003    7.4599826793E+003    6.9567927452E+003    1.1457885523E+004    1.0696675218E+004    9.4018238706E+003    8.7873985434E+003
    3.9810717055E-002    4.4964720209E-002    5.0118723363E-002   -6.6705633894E+003    6.1584514082E+003   -4.4400866621E+003    4.1027206697E+003   -1.0337822147E+004    9.5340005202E+003   -4.9768000409E+003    4.5947215296E+003   -5.9511893769E+003    5.4990070069E+003   -9.1575338435E+003    8.4544923573E+003   -7.5303131952E+003    6.9447905856E+003
    5.0118723363E-002    5.6607228905E-002    6.3095734448E-002    9.9595841351E+002    6.5012621182E+002    6.7041606330E+002    4.3591579018E+002    1.5233894058E+003    9.9971477951E+002    7.4306855115E+002    4.8504870859E+002    8.9857997323E+002    5.8427179854E+002    1.3672792456E+003    8.9251123778E+002    1.1096727319E+003    7.2821579718E+002
    6.3095734448E-002    7.1264278960E-002    7.9432823472E-002    3.6064730685E+002    4.9835810966E+002    2.4036211027E+002    3.3313706447E+002    5.5859084658E+002    7.6880357313E+002    2.6907315420E+002    3.7181696893E+002    3.2216498148E+002    4.4651420343E+002    4.9510659375E+002    6.8415979116E+002    4.0689073221E+002    5.6001463452E+002
    7.9432823472E-002    8.9716411736E-002    1.0000000000E-001    4.6364062135E+002    4.7620242862E+002    3.0599918039E+002    3.1794695553E+002    7.2563764065E+002    7.3558421396E+002    3.4591480938E+002    3.5528697171E+002    4.1014043423E+002    4.2615441728E+002    6.3649866338E+002    6.5374385968E+002    5.2857155238E+002    5.3581687071E+002
    1.0000000000E-001    1.1294627059E-001    1.2589254118E-001   -7.9031033067E+001    3.3684638085E+002   -4.9525494110E+001    2.2466695578E+002   -1.3069455007E+002    5.2092809351E+002   -5.8963782463E+001    2.5131566618E+002   -6.6380594988E+001    3.0112826671E+002   -1.0849598718E+002    4.6243202450E+002   -9.5200989240E+001    3.7945629560E+002
    1.2589254118E-001    1.4219093021E-001    1.5848931925E-001    2.2367438591E+002    2.3077031646E+002    1.4747388257E+002    1.5428138591E+002    3.5024956406E+002    3.5596098226E+002    1.6687986126E+002    1.7217402090E+002    1.9766393544E+002    2.0678824868E+002    3.0706638095E+002    3.1680787060E+002    2.5513003382E+002    2.5929036539E+002
    1.5848931925E-001    1.7900777537E-001    1.9952623150E-001    1.7699594427E+001    2.2114707740E+002    1.0436448501E+001    1.4650075635E+002    3.0857373037E+001    3.4468345735E+002    1.3205382683E+001    1.6499427704E+002    1.3988303873E+001    1.9635962341E+002    2.4298492574E+001    3.0359682197E+002    2.2477237474E+001    2.5107555056E+002
    1.9952623150E-001    2.2535743732E-001    2.5118864315E-001    4.7941541241E+001    1.9414779017E+002    3.3342851478E+001    1.2867345466E+002    7.0565470133E+001    3.0237601293E+002    3.5768412723E+001    1.4485054314E+002    4.4690484355E+001    1.7246512393E+002    6.5815473266E+001    2.6653145399E+002    5.1401550861E+001    2.2025781134E+002
    2.5118864315E-001    2.8370820458E-001    3.1622776602E-001   -7.8478362421E+001    1.1536849287E+002   -5.1801313229E+001    7.7026180922E+001   -1.2266124535E+002    1.7817139734E+002   -5.8551443784E+001    8.6074576688E+001   -6.9430947740E+001    1.0324064022E+002   -1.0773726564E+002    1.5838105663E+002   -8.9349340829E+001    1.2978424328E+002
    3.1622776602E-001    3.5716746829E-001    3.9810717055E-001   -3.8121182321E+001    6.5399127881E+001   -2.7228756096E+001    4.3791075174E+001   -5.4181634629E+001    1.0071734010E+002   -2.8441600905E+001    4.8793237289E+001   -3.6495567847E+001    5.8694570896E+001   -5.2333813035E+001    8.9781730860E+001   -3.9467179101E+001    7.3364883275E+001
    3.9810717055E-001    4.4964720209E-001    5.0118723363E-001    3.8427118957E+001    5.0623552164E+001    2.6766292825E+001    3.3828853939E+001    5.6388598824E+001    7.8129411099E+001    2.8669855308E+001    3.7769417930E+001    3.5875713616E+001    4.5341888912E+001    5.2753811308E+001    6.9497412012E+001    4.1074783814E+001    5.6911303656E+001
    5.0118723363E-001    5.6607228905E-001    6.3095734448E-001   -2.3373408947E+001    3.4774045167E+001   -1.5946959492E+001    2.3274060481E+001   -3.5208119545E+001    5.3559825647E+001   -1.7438524426E+001    2.5944355717E+001   -2.1374217024E+001    3.1194963529E+001   -3.2087662012E+001    4.7738770612E+001   -2.5646423727E+001    3.9014238790E+001
    6.3095734448E-001    7.1264278960E-001    7.9432823472E-001   -4.0157062133E+000    2.4947367705E+001   -2.6738193248E+000    1.6697560670E+001   -6.2103956368E+000    3.8424443043E+001   -2.9960538083E+000    1.8612829737E+001   -3.5838050858E+000    2.2380271657E+001   -5.5128725128E+000    3.4248436112E+001   -4.5237984894E+000    2.7989269535E+001
    7.9432823472E-001    8.9716411736E-001    1.0000000000E+000   -3.0794458706E+001    1.9150538482E+001   -2.0563632324E+001    1.2811674797E+001   -4.7555328560E+001    2.9511213427E+001   -2.2975250275E+001    1.4287908702E+001   -2.7562090461E+001    1.7171895225E+001   -4.2275484293E+001    2.6290388687E+001   -3.4640421655E+001    2.1496663100E+001
    1.0000000000E+000    1.1294627059E+000    1.2589254118E+000    9.5933072576E+000    1.5069242517E+001    6.2534862622E+000    1.0067506828E+001    1.5204634113E+001    2.3256993290E+001    7.1574122251E+000    1.1242919435E+001    8.3817465388E+000    1.3493799614E+001    1.3169957432E+001    2.0687472750E+001    1.1075413686E+001    1.6940941812E+001
    1.2589254118E+000    1.4219093021E+000    1.5848931925E+000    2.9361315218E+000    8.4606603913E+000    2.0198106469E+000    5.6579953334E+000    4.3850579480E+000    1.3044873304E+001    2.1906004972E+000    6.3123626182E+000    2.7072164532E+000    7.5835911063E+000    4.0308025290E+000    1.1615028499E+001    3.1941795147E+000    9.5021930320E+000
    1.5848931925E+000    1.7900777537E+000    1.9952623150E+000   -3.9031483406E+000    1.0164809019E+001   -2.5164101736E+000    6.8133995920E+000   -6.2592414558E+000    1.5629159302E+001   -2.9120761901E+000    7.5838004960E+000   -3.3728245940E+000    9.1322161835E+000   -5.3583499532E+000    1.3954530850E+001   -4.5593789347E+000    1.1384647835E+001
    1.9952623150E+000    2.2535743732E+000    2.5118864315E+000   -8.6399957695E+000    4.4550529422E+000   -5.8150627281E+000    2.9838441610E+000   -1.3219251386E+001    6.8569073285E+000   -6.4461618590E+000    3.3238433353E+000   -7.7941135313E+000    3.9993412347E+000   -1.1861225064E+001    6.1160198489E+000   -9.6292141356E+000    4.9947328365E+000
    2.5118864315E+000    2.8370820458E+000    3.1622776602E+000   -5.0045660561E+000    3.3942035105E+000   -3.3763900879E+000    2.2710464239E+000   -7.6362780606E+000    5.2300120155E+000   -3.7338262301E+000    2.5323606394E+000   -4.5254830260E+000    3.0439557559E+000   -6.8704066442E+000    4.6596564196E+000   -5.5624448385E+000    3.8096639633E+000
    3.1622776602E+000    3.5716746829E+000    3.9810717055E+000   -6.3303365087E+000    4.3408072056E+000   -4.2800828662E+000    2.9167364766E+000   -9.6410700976E+000    6.6555568106E+000   -4.7229622381E+000    3.2386064291E+000   -5.7367312001E+000    3.9093946707E+000   -8.6904609754E+000    5.9591801432E+000   -7.0227825882E+000    4.8480643758E+000
    3.9810717055E+000    4.4964720209E+000    5.0118723363E+000    5.8113563347E-001    1.7269306296E+000    3.9431600007E-001    1.1556557821E+000    8.8194939355E-001    2.6603971131E+000    4.3357594787E-001    1.2884351630E+000    5.2851427671E-001    1.5489622022E+000    7.9779906442E-001    2.3707781132E+000    6.4243271566E-001    1.9378959321E+000
    5.0118723363E+000    5.6607228905E+000    6.3095734448E+000   -2.3047002671E+000    1.2425402290E+000   -1.5369693029E+000    8.3071941596E-001   -3.5647455730E+000    1.9163430024E+000   -1.7194997954E+000    9.2703927713E-001   -2.0600488423E+000    1.1134396555E+000   -3.1639562453E+000    1.7057935792E+000   -2.5966446554E+000    1.3959093891E+000
    6.3095734448E+000    7.1264278960E+000    7.9432823472E+000   -9.6144632854E-001    8.1781046292E-001   -6.5080974055E-001    5.4640001718E-001   -1.4612158341E+000    1.2623468096E+000   -7.1731963971E-001    6.1015523093E-001   -8.7230099524E-001    7.3235732210E-001   -1.3199001011E+000    1.1227128137E+000   -1.0643840376E+000    9.1952315508E-001
    7.9432823472E+000    8.9716411736E+000    1.0000000000E+001   -8.0253345753E-001    6.4397553507E-001   -5.4489655079E-001    4.3023506541E-001   -1.2158452435E+000    9.9409211633E-001   -5.9875730296E-001    4.8045978761E-001   -7.3034217828E-001    5.7665774245E-001   -1.1017401183E+000    8.8406741869E-001   -8.8565031889E-001    7.2412011685E-001
    1.0000000000E+001    1.1294627059E+001    1.2589254118E+001   -4.6472587578E-001    4.6112295486E-001   -3.0667709527E-001    3.0776329646E-001   -7.2700194723E-001    7.1253344682E-001   -3.4672450025E-001    3.4403641891E-001   -4.1104906512E-001    4.1250493512E-001   -6.3798853066E-001    6.3304234120E-001   -5.2956534544E-001    5.1902614888E-001
    1.2589254118E+001    1.4219093021E+001    1.5848931925E+001   -4.9441334216E-001    3.2781192485E-001   -3.3907852566E-001    2.1904823767E-001   -7.3979741994E-001    5.0590265417E-001   -3.6887384136E-001    2.4457520389E-001   -4.5447773285E-001    2.9359732011E-001   -6.7874430528E-001    4.5002927353E-001   -5.3888586920E-001    3.6851141161E-001
    1.5848931925E+001    1.7900777537E+001    1.9952623150E+001   -3.8096107290E-001    2.2173855756E-001   -2.5318202208E-001    1.4789440224E-001   -5.9180956739E-001    3.4289508702E-001   -2.8422892828E-001    1.6543557087E-001   -3.3934791703E-001    1.9822757133E-001   -5.2299389340E-001    3.0440882228E-001   -4.3108803103E-001    2.4977285948E-001
    1.9952623150E+001    2.2535743732E+001    2.5118864315E+001   -6.2567985248E-001    1.7257118304E-001   -4.2019260059E-001    1.1538747536E-001   -9.5986605454E-001    2.6612198881E-001   -4.6680967313E-001    1.2875258366E-001   -5.6319750743E-001    1.5465750329E-001   -8.5895059980E-001    2.3691049120E-001   -6.9918904713E-001    1.9384952609E-001
    2.5118864315E+001    2.8370820458E+001    3.1622776602E+001   -1.8904343117E-001    1.0257109815E-001   -1.2679381020E-001    6.8365639654E-002   -2.9029684521E-001    1.5874031540E-001   -1.4104226301E-001    7.6526646349E-002   -1.6994577668E-001    9.1632641300E-002   -2.5952404884E-001    1.4081243934E-001   -2.1145906101E-001    1.1563018542E-001
    3.1622776602E+001    3.5716746829E+001    3.9810717055E+001   -1.7047501082E-001    7.3459484889E-002   -1.1394168238E-001    4.8931912601E-002   -2.6300919283E-001    1.1376598940E-001   -1.2718866328E-001    5.4806939993E-002   -1.5271966098E-001    6.5584998813E-002   -2.3403280802E-001    1.0084721181E-001   -1.9158209216E-001    8.2869826838E-002
    3.9810717055E+001    4.4964720209E+001    5.0118723363E+001   -1.7304191840E-001    4.9925901757E-002   -1.1566320355E-001    3.3209869779E-002   -2.6698510751E-001    7.7441143342E-002   -1.2910379174E-001    3.7248912183E-002   -1.5502707056E-001    4.4512244755E-002   -2.3755672971E-001    6.8539658245E-002   -1.9447824208E-001    5.6409953207E-002
    5.0118723363E+001    5.6607228905E+001    6.3095734448E+001   -9.8088305666E-002    3.1578031038E-002   -6.6547632523E-002    2.0959451990E-002   -1.4862919848E-001    4.9103102539E-002   -7.3182106990E-002    2.3559860987E-002   -8.9195908518E-002    2.8092620150E-002   -1.3465833789E-001    4.3351194055E-002   -1.0826500966E-001    3.5767856685E-002
    6.3095734448E+001    7.1264278960E+001    7.9432823472E+001   -7.2908857911E-002    2.6452627093E-002   -4.8593555922E-002    1.7610046103E-002   -1.1285611821E-001    4.0993533228E-002   -5.4396126062E-002    1.9735879552E-002   -6.5131488593E-002    2.3603304905E-002   -1.0009129587E-001    3.6314897815E-002   -8.2207055222E-002    2.9860655349E-002
    7.9432823472E+001    8.9716411736E+001    1.0000000000E+002   -8.2476970859E-002    1.9425655966E-002   -5.5306978889E-002    1.2935743626E-002   -1.2671714618E-001    3.0092500145E-002   -6.1534741218E-002    1.4493169431E-002   -7.4129702927E-002    1.7338188623E-002   -1.1322666586E-001    2.6668077576E-002   -9.2303754542E-002    2.1920086039E-002
#nx: 3
