#labels: pth_lower[1]   pth_center[2]   pth_upper[3]   tot_scale01[4]   tot_scale01_Err[5]   tot_scale02[6]   tot_scale02_Err[7]   tot_scale03[8]   tot_scale03_Err[9]   tot_scale04[10]  tot_scale04_Err[11]  tot_scale05[12]  tot_scale05_Err[13]  tot_scale06[14]  tot_scale06_Err[15]  tot_scale07[16]  tot_scale07_Err[17] 
#neval: 2234346
#overflow:lower center upper    1.5170925228E-004    5.5754814808E-006    2.4988442585E-004    9.1295627427E-006    4.3596127292E-004    1.5817063830E-005    1.8216234046E-004    6.6553268015E-006    2.0810986127E-004    7.6482657455E-006    3.5656874037E-004    1.3027289221E-005    3.0552294702E-004    1.1084645024E-005
    0.0000000000E+000    5.0000000000E+000    1.0000000000E+001   -5.0439348695E-002    9.7382398385E-005   -6.9346720652E-002    1.3305428931E-004   -9.7869975714E-002    1.8657630623E-004   -5.0552814144E-002    9.6994763349E-005   -6.9191072408E-002    1.3358603456E-004   -9.8953237071E-002    1.8985977289E-004   -6.8587567894E-002    1.3075322618E-004
    1.0000000000E+001    1.5000000000E+001    2.0000000000E+001    1.6480797731E-002    5.8201378057E-005    2.2348227327E-002    7.8776836110E-005    3.1016534086E-002    1.0921285979E-004    1.6291553110E-002    5.7427239778E-005    2.2607826997E-002    7.9838774043E-005    3.1889459459E-002    1.1240939537E-004    2.1736478649E-002    7.6536694538E-005
    2.0000000000E+001    2.5000000000E+001    3.0000000000E+001    9.0337861505E-003    4.3624259074E-005    1.2293966141E-002    5.9212639541E-005    1.7133787522E-002    8.2348171868E-005    8.9621337474E-003    4.3165207143E-005    1.2392256598E-002    5.9842352179E-005    1.7542686009E-002    8.4492565806E-005    1.2007408875E-002    5.7709841938E-005
    3.0000000000E+001    3.5000000000E+001    4.0000000000E+001    5.8254190784E-003    3.5291283968E-005    7.9564787923E-003    4.8030436369E-005    1.1135439739E-002    6.6995866233E-005    5.8001645910E-003    3.5013533448E-005    7.9911220840E-003    4.8411445579E-005    1.1353375110E-002    6.8536292878E-005    7.8037490410E-003    4.6950900829E-005
    4.0000000000E+001    4.5000000000E+001    5.0000000000E+001    4.1396546208E-003    2.9901996571E-005    5.6833047924E-003    4.0861123867E-005    8.0026510749E-003    5.7263623505E-005    4.1430517289E-003    2.9787202353E-005    5.6786447490E-003    4.1018594875E-005    8.1097044126E-003    5.8306152606E-005    5.6082814973E-003    4.0130516395E-005
    5.0000000000E+001    5.5000000000E+001    6.0000000000E+001    3.0544421255E-003    2.5883777000E-005    4.2117451015E-003    3.5491498844E-005    5.9609755576E-003    4.9932098020E-005    3.0703047720E-003    2.5872818900E-005    4.1899852345E-003    3.5506530812E-005    6.0098849318E-003    5.0644048719E-005    4.1774692677E-003    3.4992561693E-005
    6.0000000000E+001    6.5000000000E+001    7.0000000000E+001    2.2958565376E-003    2.2478345305E-005    3.1817513626E-003    3.0949656519E-005    4.5299907157E-003    4.3748830153E-005    2.3194533753E-003    2.2561877751E-005    3.1493819813E-003    3.0835069403E-005    4.5401511986E-003    4.4163136627E-005    3.1746308662E-003    3.0659309319E-005
    7.0000000000E+001    7.5000000000E+001    8.0000000000E+001    1.7851763082E-003    2.0002465472E-005    2.4837180585E-003    2.7630730281E-005    3.5522948452E-003    3.9202036130E-005    1.8105966110E-003    2.0142425762E-005    2.4488473066E-003    2.7438737268E-005    3.5441033051E-003    3.9427245849E-005    2.4894587140E-003    2.7472902645E-005
    8.0000000000E+001    8.5000000000E+001    9.0000000000E+001    1.4237954813E-003    1.7898969006E-005    1.9893187934E-003    2.4809227091E-005    2.8593592251E-003    3.5338119802E-005    1.4501862855E-003    1.8085588394E-005    1.9531167390E-003    2.4553228631E-005    2.8386278735E-003    3.5401145242E-005    2.0038473858E-003    2.4765058676E-005
    9.0000000000E+001    9.5000000000E+001    1.0000000000E+002    1.0962300248E-003    1.5366476791E-005    1.5398948721E-003    2.1404657202E-005    2.2275547493E-003    3.0666997930E-005    1.1225623727E-003    1.5603703350E-005    1.5037730062E-003    2.1079237457E-005    2.1973293173E-003    3.0543046573E-005    1.5610769441E-003    2.1491522679E-005
    1.0000000000E+002    1.0500000000E+002    1.1000000000E+002    9.1205017608E-004    1.3811081437E-005    1.2872495208E-003    1.9338291859E-005    1.8724309583E-003    2.7875722137E-005    9.3838735518E-004    1.4097351180E-005    1.2511210276E-003    1.8945596255E-005    1.8368209168E-003    2.7594478310E-005    1.3122051430E-003    1.9535388363E-005
    1.1000000000E+002    1.1500000000E+002    1.2000000000E+002    7.1234643989E-004    1.1845658813E-005    1.0099513736E-003    1.6654643089E-005    1.4769728941E-003    2.4124554557E-005    7.3624078550E-004    1.2141007805E-005    9.7717388065E-004    1.6249492863E-005    1.4411345881E-003    2.3765086949E-005    1.0350669643E-003    1.6906559050E-005
    1.2000000000E+002    1.2500000000E+002    1.3000000000E+002    5.8203757861E-004    1.0572537987E-005    8.2846340818E-004    1.4918409306E-005    1.2171595101E-003    2.1699208510E-005    6.0393853242E-004    1.0875317043E-005    7.9842038582E-004    1.4503066759E-005    1.1821631256E-003    2.1287594841E-005    8.5298897776E-004    1.5206869380E-005
    1.3000000000E+002    1.3500000000E+002    1.4000000000E+002    4.6681044737E-004    9.3204040492E-006    6.6682999290E-004    1.3201747094E-005    9.8377893958E-004    1.9288092982E-005    4.8610997578E-004    9.6238936890E-006    6.4035552203E-004    1.2785429791E-005    9.5152280820E-004    1.8838030086E-005    6.8943518499E-004    1.3517152500E-005
    1.4000000000E+002    1.4500000000E+002    1.5000000000E+002    3.9221592888E-004    8.2323604938E-006    5.6344441297E-004    1.1721079764E-005    8.3687857059E-004    1.7231087458E-005    4.1074329718E-004    8.5445073866E-006    5.3802916645E-004    1.1292886719E-005    8.0399834411E-004    1.6725214598E-005    5.8648697275E-004    1.2075596957E-005
    1.5000000000E+002    1.5500000000E+002    1.6000000000E+002    3.3252667611E-004    7.3062207705E-006    4.7955412507E-004    1.0450740177E-005    7.1551706231E-004    1.5447263328E-005    3.4958842074E-004    7.6184471431E-006    4.5614937385E-004    1.0022438105E-005    6.8429238730E-004    1.4912523052E-005    5.0143646949E-004    1.0825487741E-005
    1.6000000000E+002    1.6500000000E+002    1.7000000000E+002    2.6859705746E-004    6.2884655889E-006    3.8872905233E-004    9.0325664571E-006    5.8239731128E-004    1.3416681982E-005    2.8337818069E-004    6.5846178313E-006    3.6845278403E-004    8.6263143587E-006    5.5469094588E-004    1.2888881862E-005    4.0814575500E-004    9.4024503390E-006
    1.7000000000E+002    1.7500000000E+002    1.8000000000E+002    2.3555229290E-004    5.8382749928E-006    3.4205735878E-004    8.4140589249E-006    5.1453437078E-004    1.2546696950E-005    2.4935515223E-004    6.1337342707E-006    3.2312304135E-004    8.0087574129E-006    4.8809349018E-004    1.2006312046E-005    3.6058720596E-004    8.7927622607E-006
    1.8000000000E+002    1.8500000000E+002    1.9000000000E+002    1.9492165631E-004    5.2296749190E-006    2.8416949429E-004    7.5625453580E-006    4.2943785011E-004    1.1322530311E-005    2.0715568804E-004    5.5129924868E-006    2.6738724397E-004    7.1738994526E-006    4.0549129176E-004    1.0791257851E-005    3.0095131307E-004    7.9348626662E-006
    1.9000000000E+002    1.9500000000E+002    2.0000000000E+002    1.5582896380E-004    4.5757079968E-006    2.2799083250E-004    6.6393803188E-006    3.4598288345E-004    9.9799409029E-006    1.6620220933E-004    4.8400177562E-006    2.1376114872E-004    6.2768087121E-006    3.2532801388E-004    9.4739616888E-006    2.4246582607E-004    6.9939720457E-006
    2.0000000000E+002    2.0500000000E+002    2.1000000000E+002    1.3822193435E-004    4.2104747294E-006    2.0312602212E-004    6.1320573839E-006    3.0989812579E-004    9.2585984693E-006    1.4807610147E-004    4.4701862515E-006    1.8960839335E-004    5.7757934908E-006    2.8984755492E-004    8.7500450251E-006    2.1717752138E-004    6.4884531388E-006
    2.1000000000E+002    2.1500000000E+002    2.2000000000E+002    1.2335734214E-004    3.8833966886E-006    1.8168847240E-004    5.6727292294E-006    2.7791765172E-004    8.5954124307E-006    1.3244841993E-004    4.1353422877E-006    1.6921762499E-004    5.3271183792E-006    2.5925757288E-004    8.0946137757E-006    1.9476551074E-004    6.0236904052E-006
    2.2000000000E+002    2.2500000000E+002    2.3000000000E+002    9.9789824591E-005    3.3400298815E-006    1.4771753256E-004    4.9026484621E-006    2.2729560892E-004    7.4711667699E-006    1.0768406782E-004    3.5739639047E-006    1.3688846421E-004    4.5817453110E-006    2.1078326245E-004    6.9957588621E-006    1.5928943372E-004    5.2358157274E-006
    2.3000000000E+002    2.3500000000E+002    2.4000000000E+002    8.0121349510E-005    2.9201812988E-006    1.1893177820E-004    4.3000156158E-006    1.8359561901E-004    6.5775823470E-006    8.6699645243E-005    3.1346527738E-006    1.0990788420E-004    4.0058105609E-006    1.6970787275E-004    6.1358411854E-006    1.2866435178E-004    4.6095891259E-006
    2.4000000000E+002    2.4500000000E+002    2.5000000000E+002    7.2758121151E-005    2.6862711504E-006    1.0841059927E-004    3.9702866259E-006    1.6811573402E-004    6.1000831506E-006    7.9029849206E-005    2.8942848344E-006    9.9807244919E-005    3.6849401605E-006    1.5469483819E-004    5.6653394716E-006    1.1781600268E-004    4.2749562795E-006
    2.5000000000E+002    2.5500000000E+002    2.6000000000E+002    6.4551201511E-005    2.4639941624E-006    9.6297270266E-005    3.6487168241E-006    1.4952616044E-004    5.6179109534E-006    7.0199397470E-005    2.6598648319E-006    8.8549257143E-005    3.3800277544E-006    1.3740990957E-004    5.2064803859E-006    1.0478837464E-004    3.9370485803E-006
    2.6000000000E+002    2.6500000000E+002    2.7000000000E+002    5.0022600166E-005    2.0724511017E-006    7.5024716086E-005    3.0836136381E-006    1.1724081872E-004    4.7753377805E-006    5.4691995423E-005    2.2479123118E-006    6.8619390211E-005    2.8429216068E-006    1.0705536538E-004    4.4001150812E-006    8.2162711859E-005    3.3465708135E-006
    2.7000000000E+002    2.7500000000E+002    2.8000000000E+002    4.6745975938E-005    2.0170557516E-006    7.0210108312E-005    3.0050734968E-006    1.0990797021E-004    4.6605422036E-006    5.1182211980E-005    2.1906576193E-006    6.4124622731E-005    2.7669320514E-006    1.0018523482E-004    4.2880434338E-006    7.7023829975E-005    3.2661217343E-006
    2.8000000000E+002    2.8500000000E+002    2.9000000000E+002    4.3133341486E-005    1.8520983277E-006    6.5059320464E-005    2.7722116609E-006    1.0234875181E-004    4.3232334372E-006    4.7427357845E-005    2.0209045149E-006    5.9168927259E-005    2.5406487754E-006    9.2835397278E-005    3.9557648165E-006    7.1726307403E-005    3.0297347551E-006
    2.9000000000E+002    2.9500000000E+002    3.0000000000E+002    3.6265321989E-005    1.6728492385E-006    5.4794735694E-005    2.5084108973E-006    8.6379975328E-005    3.9199236062E-006    3.9944615456E-005    1.8285973540E-006    4.9747599534E-005    2.2947606538E-006    7.8188505822E-005    3.5793383720E-006    6.0535341705E-005    2.7470940349E-006
    3.0000000000E+002    3.0500000000E+002    3.1000000000E+002    3.2459568302E-005    1.5490105871E-006    4.9153408539E-005    2.3293065918E-006    7.7686117434E-005    3.6525254748E-006    3.5832164853E-005    1.6980327564E-006    4.4526989321E-005    2.1248827842E-006    7.0138700754E-005    3.3237682362E-006    5.4442660429E-005    2.5597006351E-006
    3.1000000000E+002    3.1500000000E+002    3.2000000000E+002    2.9401288078E-005    1.4479696671E-006    4.4668590916E-005    2.1825526750E-006    7.0872817830E-005    3.4320897139E-006    3.2562793935E-005    1.5910511514E-006    4.0331739107E-005    1.9862781077E-006    6.3739159184E-005    3.1143599905E-006    4.9667879953E-005    2.4052186031E-006
    3.2000000000E+002    3.2500000000E+002    3.3000000000E+002    2.6393480014E-005    1.3288748741E-006    4.0199820622E-005    2.0089893792E-006    6.3973638519E-005    3.1700862109E-006    2.9305121301E-005    1.4645258745E-006    3.6205724975E-005    1.8229077102E-006    5.7362516105E-005    2.8666965136E-006    4.4832914726E-005    2.2216057748E-006
    3.3000000000E+002    3.3500000000E+002    3.4000000000E+002    2.1918958741E-005    1.1796888332E-006    3.3450428396E-005    1.7857224421E-006    5.3357000312E-005    2.8219185926E-006    2.4384906364E-005    1.3017673205E-006    3.0067720948E-005    1.6182591090E-006    4.7731574617E-005    2.5481091896E-006    3.7392743330E-005    1.9776088800E-006
    3.4000000000E+002    3.4500000000E+002    3.5000000000E+002    1.9509413894E-005    1.0730121807E-006    2.9832742331E-005    1.6288189647E-006    4.7689706288E-005    2.5822378314E-006    2.1747662532E-005    1.1873868241E-006    2.6762385008E-005    1.4719235163E-006    4.2569373095E-005    2.3242181843E-006    3.3421086948E-005    1.8096398950E-006
    3.5000000000E+002    3.5500000000E+002    3.6000000000E+002    1.7695129887E-005    1.0002364830E-006    2.7147672596E-005    1.5236968897E-006    4.3567873116E-005    2.4258689229E-006    1.9790283294E-005    1.1107542642E-006    2.4273608699E-005    1.3720921604E-006    3.8737954111E-005    2.1742158552E-006    3.0532494093E-005    1.7000561024E-006
    3.6000000000E+002    3.6500000000E+002    3.7000000000E+002    1.6265659296E-005    9.4246758366E-007    2.5025464735E-005    1.4393829256E-006    4.0298918786E-005    2.2986436749E-006    1.8243222689E-005    1.0492905337E-006    2.2312707028E-005    1.2928466467E-006    3.5709702224E-005    2.0539053403E-006    2.8241601249E-005    1.6108962730E-006
    3.7000000000E+002    3.7500000000E+002    3.8000000000E+002    1.3771351363E-005    8.4153252151E-007    2.1231179146E-005    1.2881819086E-006    3.4274665575E-005    2.0629072918E-006    1.5477240211E-005    9.3906705318E-007    1.8891095820E-005    1.1543871825E-006    3.0295504727E-005    1.8381513732E-006    2.4019786814E-005    1.4456915199E-006
    3.8000000000E+002    3.8500000000E+002    3.9000000000E+002    1.0719541712E-005    6.9867450074E-007    1.6605778546E-005    1.0753613838E-006    2.6956951371E-005    1.7335883025E-006    1.2105386219E-005    7.8392379141E-007    1.4704721729E-005    9.5841915529E-007    2.3695360440E-005    1.5344703968E-006    1.8891511098E-005    1.2149037999E-006
    3.9000000000E+002    3.9500000000E+002    4.0000000000E+002    9.8594736907E-006    6.5641716145E-007    1.5310007519E-005    1.0108029827E-006    2.4924734085E-005    1.6301357334E-006    1.1160786802E-005    7.3686159692E-007    1.3524908146E-005    9.0045189961E-007    2.1846379891E-005    1.4423497786E-006    1.7467327225E-005    1.1424039342E-006
    4.0000000000E+002    4.0500000000E+002    4.1000000000E+002    9.5917850979E-006    6.4386179245E-007    1.4900999660E-005    9.9344697817E-007    2.4269859656E-005    1.6055883251E-006    1.0862625648E-005    7.2420930618E-007    1.3157701564E-005    8.8322884919E-007    2.1262752414E-005    1.4175838947E-006    1.7008389292E-005    1.1252010380E-006
    4.1000000000E+002    4.1500000000E+002    4.2000000000E+002    9.0972131146E-006    6.1153801104E-007    1.4182525841E-005    9.4751038551E-007    2.3196430820E-005    1.5390684883E-006    1.0338868027E-005    6.9072215626E-007    1.2479263662E-005    8.3888812794E-007    2.0237537243E-005    1.3520353800E-006    1.6256127195E-005    1.0785837400E-006
    4.2000000000E+002    4.2500000000E+002    4.3000000000E+002    7.4449347593E-006    5.3432082571E-007    1.1615371500E-005    8.2856503709E-007    1.9012511886E-005    1.3470862105E-006    8.4674475035E-006    6.0401261851E-007    1.0212721483E-005    7.3296408255E-007    1.6574375817E-005    1.1823081434E-006    1.3324024455E-005    9.4404199295E-007
    4.3000000000E+002    4.3500000000E+002    4.4000000000E+002    6.5095808639E-006    4.7907261277E-007    1.0179201485E-005    7.4498165671E-007    1.6707121490E-005    1.2154223191E-006    7.4204991381E-006    5.4308147347E-007    8.9296331644E-006    6.5717636520E-007    1.4525055090E-005    1.0630401236E-006    1.1708400060E-005    8.5177154919E-007
    4.4000000000E+002    4.4500000000E+002    4.5000000000E+002    6.0987801939E-006    4.7121666676E-007    9.5931189527E-006    7.3839891399E-007    1.5854001978E-005    1.2157447790E-006    6.9932529601E-006    5.3828274376E-007    8.3661100493E-006    6.4639983174E-007    1.3688753629E-005    1.0536469800E-006    1.1110531387E-005    8.5199753002E-007
    4.5000000000E+002    4.5500000000E+002    4.6000000000E+002    5.3633878780E-006    4.2820178233E-007    8.4364589089E-006    6.6945548601E-007    1.3941164630E-005    1.0987566032E-006    6.1500635537E-006    4.8802392447E-007    7.3573225788E-006    5.8739340005E-007    1.2038275359E-005    9.5526921523E-007    9.7700093276E-006    7.7001187108E-007
    4.6000000000E+002    4.6500000000E+002    4.7000000000E+002    5.6072948510E-006    4.4451330942E-007    8.8072271153E-006    6.9372708805E-007    1.4530312974E-005    1.1362035547E-006    6.4203485225E-006    5.0571759153E-007    7.6919063010E-006    6.0976902704E-007    1.2567337352E-005    9.8990320468E-007    1.0182886226E-005    7.9625480522E-007
    4.7000000000E+002    4.7500000000E+002    4.8000000000E+002    4.3365963333E-006    3.7684162916E-007    6.8382869817E-006    5.9032120895E-007    1.1333961724E-005    9.7114552701E-007    4.9850180022E-006    4.3033611512E-007    5.9488030409E-006    5.1693919775E-007    9.7577884939E-006    8.4234977500E-007    7.9428738341E-006    6.8058165217E-007
    4.8000000000E+002    4.8500000000E+002    4.9000000000E+002    3.5207959477E-006    3.2944172535E-007    5.5541752838E-006    5.1638771755E-007    9.2096072619E-006    8.4998360857E-007    4.0489180772E-006    3.7643960761E-007    4.8297143728E-006    4.5191753784E-007    7.9254450453E-006    7.3685151591E-007    6.4541199560E-006    5.9567102205E-007
    4.9000000000E+002    4.9500000000E+002    5.0000000000E+002    3.4930427502E-006    3.3064078932E-007    5.5445646287E-006    5.2264080875E-007    9.2621526518E-006    8.6939648256E-007    4.0419120407E-006    3.8099802587E-007    4.7916434312E-006    4.5356237515E-007    7.9117312687E-006    7.4577426829E-007    6.4909439204E-006    6.0927562145E-007
    5.0000000000E+002    5.0500000000E+002    5.1000000000E+002    3.1712471636E-006    3.0002910332E-007    5.0340549298E-006    4.7357546421E-007    8.4087901001E-006    7.8612970293E-007    3.6697574285E-006    3.4523005847E-007    4.3502146200E-006    4.1157025119E-007    7.1832673012E-006    6.7576122909E-007    5.8929049250E-006    5.5092201648E-007
    5.1000000000E+002    5.1500000000E+002    5.2000000000E+002    3.2479547425E-006    2.9441005972E-007    5.1724245308E-006    4.6637091491E-007    8.6735086314E-006    7.7744599663E-007    3.7706269816E-006    3.3997804023E-007    4.4554396038E-006    4.0386222834E-007    7.3807116764E-006    6.6548080821E-007    6.0784204532E-006    5.4483644947E-007
    5.2000000000E+002    5.2500000000E+002    5.3000000000E+002    2.7569552877E-006    2.6518040250E-007    4.3825587688E-006    4.1915578163E-007    7.3324254515E-006    6.9692482266E-007    3.1948256072E-006    3.0555885162E-007    3.7819023812E-006    3.6376592691E-007    6.2536248687E-006    5.9810789955E-007    5.1385854019E-006    4.8840697305E-007
    5.3000000000E+002    5.3500000000E+002    5.4000000000E+002    2.2117077380E-006    2.3335600146E-007    3.5326620442E-006    3.7050557868E-007    5.9450271170E-006    6.1920188768E-007    2.5752624793E-006    2.7009351678E-007    3.0339493709E-006    3.2011023956E-007    5.0408778017E-006    5.2868724027E-007    4.1662925534E-006    4.3393851078E-007
    5.4000000000E+002    5.4500000000E+002    5.5000000000E+002    1.8701444626E-006    2.1348197487E-007    2.9971611088E-006    3.4124646696E-007    5.0631969540E-006    5.7499902985E-007    2.1848895964E-006    2.4876402315E-007    2.5654038815E-006    2.9284769060E-007    4.2767529734E-006    4.8693640057E-007    3.5483033720E-006    4.0296101753E-007
    5.5000000000E+002    5.5500000000E+002    5.6000000000E+002    1.9786503873E-006    2.1206279891E-007    3.1719881645E-006    3.3832266636E-007    5.3600980655E-006    5.6865413546E-007    2.3123361370E-006    2.4663261236E-007    2.7142488109E-006    2.9090091077E-007    4.5262197531E-006    4.8276432825E-007    3.7563725474E-006    3.9851449681E-007
    5.6000000000E+002    5.6500000000E+002    5.7000000000E+002    2.2253157942E-006    2.4829212593E-007    3.5682121247E-006    3.9644246804E-007    6.0309670890E-006    6.6705453374E-007    2.6011780034E-006    2.8900115560E-007    3.0526164637E-006    3.4059913357E-007    5.0916054427E-006    5.6569748586E-007    4.2265195395E-006    4.6747378640E-007
    5.7000000000E+002    5.7500000000E+002    5.8000000000E+002    1.6331470867E-006    1.9358721164E-007    2.6316321747E-006    3.0998968714E-007    4.4738426938E-006    5.2322927390E-007    1.9184239856E-006    2.2597825669E-007    2.2402985220E-006    2.6555669579E-007    3.7551670796E-006    4.4233501906E-007    3.1352821667E-006    3.6668061973E-007
    5.8000000000E+002    5.8500000000E+002    5.9000000000E+002    1.3626613554E-006    1.6832734455E-007    2.1949382705E-006    2.6917097193E-007    3.7296868368E-006    4.5355437868E-007    1.6000800817E-006    1.9622196968E-007    1.8692549160E-006    2.3090602448E-007    3.1320334256E-006    3.8408938084E-007    2.6137755453E-006    3.1785224748E-007
    5.9000000000E+002    5.9500000000E+002    6.0000000000E+002    1.6504206968E-006    1.9900106872E-007    2.6641849878E-006    3.2055105970E-007    4.5382133690E-006    5.4493112409E-007    1.9421545427E-006    2.3367735334E-007    2.2639939034E-006    2.7298325040E-007    3.8016178159E-006    4.5740540729E-007    3.1803933259E-006    3.8188934041E-007
#nx: 3
