#labels: pt_diff_lower[1]   pt_diff_center[2]   pt_diff_upper[3]   tot_scale01[4]   tot_scale01_Err[5]   tot_scale02[6]   tot_scale02_Err[7]   tot_scale03[8]   tot_scale03_Err[9]   tot_scale04[10]  tot_scale04_Err[11]  tot_scale05[12]  tot_scale05_Err[13]  tot_scale06[14]  tot_scale06_Err[15]  tot_scale07[16]  tot_scale07_Err[17] 
#neval: 3736776
#overflow:lower center upper   -5.9120480634E+001    2.0475166826E+000   -3.9589693654E+001    1.3738726956E+000   -9.0998624889E+001    3.1448944071E+000   -4.4108839578E+001    1.5276192601E+000   -5.3063325614E+001    1.8414452719E+000   -8.1162230332E+001    2.8108875100E+000   -6.6285542160E+001    2.2908151751E+000
    1.0000000000E-002    1.1294627059E-002    1.2589254118E-002   -3.8548058376E+003    6.4689613282E+002   -2.5797317119E+003    4.3475497531E+002   -5.9380465748E+003    9.9182313314E+002   -2.8760086263E+003    4.8263879860E+002   -3.4576964657E+003    5.8271592145E+002   -5.2919840286E+003    8.8807689602E+002   -4.3254130165E+003    7.2246733604E+002
    1.2589254118E-002    1.4219093021E-002    1.5848931925E-002    2.1854119029E+003    1.1093527699E+003    1.4721653225E+003    7.4323651553E+002    3.3422826747E+003    1.7066071942E+003    1.6305006658E+003    8.2767025636E+002    1.9731900062E+003    9.9618354152E+002    3.0001938809E+003    1.5229501531E+003    2.4345974394E+003    1.2431328853E+003
    1.5848931925E-002    1.7900777537E-002    1.9952623150E-002    5.4663419190E+003    1.0083019630E+003    3.6633383510E+003    6.7501789908E+002    8.4066335006E+003    1.5525783365E+003    4.0783497732E+003    7.5227787488E+002    4.9100889098E+003    9.0474796009E+002    7.5043453157E+003    1.3842248116E+003    6.1235898895E+003    1.1309346367E+003
    1.9952623150E-002    2.2535743732E-002    2.5118864315E-002    5.7571204852E+003    1.3153601977E+003    3.8719116780E+003    8.8181821399E+002    8.8174343826E+003    2.0220052441E+003    4.2952949839E+003    9.8136908435E+002    5.1896463740E+003    1.1819289998E+003    7.9035341706E+003    1.8057628454E+003    6.4228269298E+003    1.4728762552E+003
    2.5118864315E-002    2.8370820458E-002    3.1622776602E-002    2.6530010499E+003    1.0568766079E+003    1.7721310207E+003    7.0644420411E+002    4.0942085997E+003    1.6301740943E+003    1.9793614067E+003    7.8851863602E+002    2.3752435723E+003    9.4686963629E+002    3.6421131895E+003    1.4509094270E+003    2.9823179975E+003    1.1874572147E+003
    3.1622776602E-002    3.5716746829E-002    3.9810717055E-002    1.0135308595E+003    9.2673240586E+002    6.7576346505E+002    6.1949798902E+002    1.5676028069E+003    1.4292521324E+003    7.5617907044E+002    6.9142014042E+002    9.0574726589E+002    8.3033285874E+002    1.3914031853E+003    1.2722438684E+003    1.1418788149E+003    1.0411009242E+003
    3.9810717055E-002    4.4964720209E-002    5.0118723363E-002    4.8767474688E+002    7.6680380928E+002    3.2627576718E+002    5.1361311778E+002    7.5176505755E+002    1.1800571371E+003    3.6384628382E+002    5.7209998715E+002    4.3731778844E+002    6.8841199799E+002    6.6949337538E+002    1.0526894694E+003    5.4760337837E+002    8.5958141905E+002
    5.0118723363E-002    5.6607228905E-002    6.3095734448E-002    8.8865957624E+002    6.4240706975E+002    5.8932445157E+002    4.3021592437E+002    1.3824327275E+003    9.8883902148E+002    6.6301461468E+002    4.7928958086E+002    7.8989030680E+002    5.7663208710E+002    1.2199764352E+003    8.8191418613E+002    1.0069965668E+003    7.2029363880E+002
    6.3095734448E-002    7.1264278960E-002    7.9432823472E-002   -9.2182177793E+001    5.1648273702E+002   -5.9729037464E+001    3.4548874961E+002   -1.4663450650E+002    7.9596432672E+002   -6.8775639991E+001    3.8533946185E+002   -8.0056728685E+001    4.6306955989E+002   -1.2655024226E+002    7.0904178070E+002   -1.0681202902E+002    5.7979916731E+002
    7.9432823472E-002    8.9716411736E-002    1.0000000000E-001    1.0181627155E+003    8.7966613659E+002    6.7443945088E+002    5.8210712594E+002    1.5858515629E+003    1.3719482158E+003    7.5963482364E+002    6.5630475404E+002    9.0397264757E+002    7.8021669568E+002    1.3977619252E+003    1.2076299927E+003    1.1551716387E+003    9.9935940145E+002
    1.0000000000E-001    1.1294627059E-001    1.2589254118E-001   -2.2550824570E+002    6.8521926396E+002   -1.4148843045E+002    4.5336269109E+002   -3.7114940872E+002    1.0688696665E+003   -1.6824807455E+002    5.1123107027E+002   -1.8964144358E+002    6.0765643475E+002   -3.0958395437E+002    9.4068794997E+002   -2.7035397303E+002    7.7858984602E+002
    1.2589254118E-001    1.4219093021E-001    1.5848931925E-001   -1.9184776907E+002    2.1632743740E+002   -1.3274876861E+002    1.4454416973E+002   -2.8434742259E+002    3.3393990405E+002   -1.4313453440E+002    1.6139842116E+002   -1.7792739685E+002    1.9373714813E+002   -2.6337392144E+002    2.9698028692E+002   -2.0712536141E+002    2.4324969324E+002
    1.5848931925E-001    1.7900777537E-001    1.9952623150E-001    1.6716015472E+002    1.6604230177E+002    1.1504990280E+002    1.1083311750E+002    2.4895353995E+002    2.5660529260E+002    1.2471550247E+002    1.2388149036E+002    1.5420504406E+002    1.4855315259E+002    2.2948208192E+002    2.2794746248E+002    1.8134362347E+002    1.8691734037E+002
    1.9952623150E-001    2.2535743732E-001    2.5118864315E-001   -7.3393585599E+001    1.1961388203E+002   -4.9339146169E+001    8.0138048284E+001   -1.1229808693E+002    1.8404255878E+002   -5.4757773592E+001    8.9241993248E+001   -6.6130826916E+001    1.0741157503E+002   -1.0075674344E+002    1.6420924424E+002   -8.1800572095E+001    1.3406093558E+002
    2.5118864315E-001    2.8370820458E-001    3.1622776602E-001   -5.2864071672E+001    8.9519369110E+001   -3.6083190652E+001    5.9944336355E+001   -7.9679877999E+001    1.3782166016E+002   -3.9441033493E+001    6.6788961268E+001   -4.8363448111E+001    8.0345300636E+001   -7.2573259136E+001    1.2289466488E+002   -5.8040700272E+001    1.0039254413E+002
    3.1622776602E-001    3.5716746829E-001    3.9810717055E-001    1.0127061249E+002    7.1194353779E+001    6.7835251514E+001    4.7644719908E+001    1.5577145059E+002    1.0967358307E+002    7.5556374921E+001    5.3116962109E+001    9.0921745206E+001    6.3859733504E+001    1.3902709668E+002    9.7737577195E+001    1.1346759435E+002    7.9888821651E+001
    3.9810717055E-001    4.4964720209E-001    5.0118723363E-001   -5.9647855089E+001    4.6973065374E+001   -3.9796199678E+001    3.1473405157E+001   -9.2130332641E+001    7.2260522276E+001   -4.4502305175E+001    3.5045848458E+001   -5.3340112206E+001    4.2184805991E+001   -8.1886224564E+001    6.4485922821E+001   -6.7109904748E+001    5.2636266775E+001
    5.0118723363E-001    5.6607228905E-001    6.3095734448E-001    2.5196468359E+000    3.6109937821E+001    1.6788137360E+000    2.4151756550E+001    3.8971041671E+000    5.5664546153E+001    1.8798679727E+000    2.6941043737E+001    2.2501674475E+000    3.2371367487E+001    3.4590408375E+000    4.9572720980E+001    2.8387424852E+000    4.0547366791E+001
    6.3095734448E-001    7.1264278960E-001    7.9432823472E-001   -2.1961924789E+000    2.6291308604E+001   -1.3688238377E+000    1.7606866452E+001   -3.6193568496E+000    4.0473197906E+001   -1.6385438801E+000    1.9615522423E+001   -1.8346781272E+000    2.3599043119E+001   -3.0149937537E+000    3.6093435334E+001   -2.6364247958E+000    2.9481630842E+001
    7.9432823472E-001    8.9716411736E-001    1.0000000000E+000   -2.4022701020E+001    1.8375025985E+001   -1.6031603422E+001    1.2289610193E+001   -3.7126848341E+001    2.8332559779E+001   -1.7922950797E+001    1.3709311303E+001   -2.1487667976E+001    1.6472155431E+001   -3.2979028121E+001    2.5225743690E+001   -2.7044070984E+001    2.0638104016E+001
    1.0000000000E+000    1.1294627059E+000    1.2589254118E+000   -1.9062824015E+001    1.3560233902E+001   -1.2849224523E+001    9.0714436549E+000   -2.9124682459E+001    2.0903440745E+001   -1.4222466349E+001    1.0117072382E+001   -1.7222224317E+001    1.2158744462E+001   -2.6169971842E+001    1.8615864003E+001   -2.1215104837E+001    1.5226558692E+001
    1.2589254118E+000    1.4219093021E+000    1.5848931925E+000    1.1968616287E+001    1.1941006777E+001    7.8774685798E+000    7.9661825404E+000    1.8798740662E+001    1.8461732081E+001    8.9295920822E+000    8.9089930707E+000    1.0558421692E+001    1.0677327835E+001    1.6430847338E+001    1.6392944239E+001    1.3693445568E+001    1.3447960579E+001
    1.5848931925E+000    1.7900777537E+000    1.9952623150E+000   -1.4612463730E+001    8.8625845713E+000   -9.6597244116E+000    5.9060505464E+000   -2.2838827047E+001    1.3718876467E+001   -1.0902124130E+001    6.6122317834E+000   -1.2947235871E+001    7.9160673982E+000   -2.0060394202E+001    1.2166801125E+001   -1.6636339669E+001    9.9931528145E+000
    1.9952623150E+000    2.2535743732E+000    2.5118864315E+000   -1.2822506723E+000    4.6959784854E+000   -9.3390213853E-001    3.1484394372E+000   -1.7739271909E+000    7.2192730083E+000   -9.5666660008E-001    3.5035940076E+000   -1.2517387404E+000    4.2199535185E+000   -1.7603091736E+000    6.4467690956E+000   -1.2921703569E+000    5.2586885344E+000
    2.5118864315E+000    2.8370820458E+000    3.1622776602E+000   -7.9585250394E+000    3.3660450547E+000   -5.3843185595E+000    2.2405404887E+000   -1.2107318281E+001    5.2177343932E+000   -5.9377275095E+000    2.5113520685E+000   -7.2167734216E+000    3.0030676807E+000   -1.0925683205E+001    4.6209997130E+000   -8.8192558664E+000    3.8007206540E+000
    3.1622776602E+000    3.5716746829E+000    3.9810717055E+000   -1.2714436479E+000    2.3863133616E+000   -7.9909070462E-001    1.5848620376E+000   -2.0948034926E+000    3.7083307480E+000   -9.4860365302E-001    1.7803900124E+000   -1.0710466877E+000    2.1242409979E+000   -1.7454729917E+000    3.2759969577E+000   -1.5259042144E+000    2.7012354796E+000
    3.9810717055E+000    4.4964720209E+000    5.0118723363E+000   -4.8849461033E+000    1.8617479898E+000   -3.2788359154E+000    1.2410165245E+000   -7.4964004337E+000    2.8810537317E+000   -3.6445797075E+000    1.3890202267E+000   -4.3947280657E+000    1.6633739201E+000   -6.7061890658E+000    2.5558591125E+000   -5.4605546798E+000    2.0986274115E+000
    5.0118723363E+000    5.6607228905E+000    6.3095734448E+000    2.0140205183E+000    1.4725328261E+000    1.3420425267E+000    9.8191885296E-001    3.1145723430E+000    2.2779015276E+000    1.5026283108E+000    1.0986330541E+000    1.7987822843E+000    1.3160970700E+000    2.7649030497E+000    2.0215337751E+000    2.2687278693E+000    1.6592771366E+000
    6.3095734448E+000    7.1264278960E+000    7.9432823472E+000   -2.0171046719E+000    9.6889234009E-001   -1.3465646326E+000    6.4867268272E-001   -3.1151086290E+000    1.4919461951E+000   -1.5049293482E+000    7.2287498915E-001   -1.8048434066E+000    8.6943662866E-001   -2.7691370609E+000    1.3301221917E+000   -2.2691185127E+000    1.0867687566E+000
    7.9432823472E+000    8.9716411736E+000    1.0000000000E+001   -8.3270155475E-001    6.2192874525E-001   -5.6494596324E-001    4.1552249821E-001   -1.2628034143E+000    9.5990432150E-001   -6.2126523501E-001    4.6401103236E-001   -7.5721504348E-001    5.5693802067E-001   -1.1431557163E+000    8.5380097608E-001   -9.1985575674E-001    6.9921692168E-001
    1.0000000000E+001    1.1294627059E+001    1.2589254118E+001    1.2633642194E-001    4.2428255452E-001    8.0656567175E-002    2.8336554639E-001    2.0545269771E-001    6.5526599057E-001    9.4257572134E-002    3.1655038884E-001    1.0810656239E-001    3.7980385469E-001    1.7343813289E-001    5.8246682108E-001    1.4965658517E-001    4.7731118461E-001
    1.2589254118E+001    1.4219093021E+001    1.5848931925E+001   -7.8673134330E-001    3.1765333754E-001   -5.2809866066E-001    2.1230211693E-001   -1.2076756729E+000    4.9011535064E-001   -5.8696759973E-001    2.3699604531E-001   -7.0782743185E-001    2.8455527991E-001   -1.0800465390E+000    4.3608328401E-001   -8.7969941117E-001    3.5701156779E-001
    1.5848931925E+001    1.7900777537E+001    1.9952623150E+001   -6.4730994988E-001    2.0863404350E-001   -4.3317915704E-001    1.3877340061E-001   -9.9725254261E-001    3.2373737946E-001   -4.8294754085E-001    1.5565850373E-001   -5.8060380210E-001    1.8600240274E-001   -8.8864499552E-001    2.8641858308E-001   -7.2642224581E-001    2.3581793397E-001
    1.9952623150E+001    2.2535743732E+001    2.5118864315E+001   -2.6244020235E-001    1.4135023432E-001   -1.7718424095E-001    9.4262926900E-002   -4.0036818003E-001    2.1862513046E-001   -1.9580241331E-001    1.0545913604E-001   -2.3748567375E-001    1.2634359910E-001   -3.6028516554E-001    1.9404950961E-001   -2.9163761440E-001    1.5925169551E-001
    2.5118864315E+001    2.8370820458E+001    3.1622776602E+001   -1.8079292226E-001    1.0192360850E-001   -1.2151206763E-001    6.7849053961E-002   -2.7700148199E-001    1.5795889753E-001   -1.3488669103E-001    7.6043564738E-002   -1.6286648912E-001    9.0940245065E-002   -2.4819752211E-001    1.3992354765E-001   -2.0177440522E-001    1.1506098223E-001
    3.1622776602E+001    3.5716746829E+001    3.9810717055E+001   -2.3940510217E-001    7.2506421199E-002   -1.6049189099E-001    4.8263274637E-002   -3.6800401224E-001    1.1237669369E-001   -1.7861629561E-001    5.4095874504E-002   -2.1511238618E-001    6.4688802082E-002   -3.2866194315E-001    9.9538819623E-002   -2.6806279214E-001    8.1857831112E-002
    3.9810717055E+001    4.4964720209E+001    5.0118723363E+001   -1.8533700185E-001    4.9028065802E-002   -1.2482607042E-001    3.2625344872E-002   -2.8336202473E-001    7.6018972331E-002   -1.3827695572E-001    3.6579051220E-002   -1.6730835247E-001    4.3728787430E-002   -2.5443576020E-001    6.7307084223E-002   -2.0640757439E-001    5.5374010339E-002
    5.0118723363E+001    5.6607228905E+001    6.3095734448E+001   -1.0521273451E-001    3.5629724385E-002   -6.9863444408E-002    2.3664351039E-002   -1.6355327068E-001    5.5361636055E-002   -7.8497528746E-002    2.6582764217E-002   -9.3640196652E-002    3.1718082378E-002   -1.4443895078E-001    4.8913470699E-002   -1.1913605543E-001    4.0326719939E-002
    6.3095734448E+001    7.1264278960E+001    7.9432823472E+001   -9.8063713625E-002    2.4112504980E-002   -6.5987440556E-002    1.5998244124E-002   -1.5008759846E-001    3.7509694121E-002   -7.3163759264E-002    1.7989952087E-002   -8.8445065407E-002    2.1442955447E-002   -1.3462457725E-001    3.3102313480E-002   -1.0932734255E-001    2.7322944870E-002
    7.9432823472E+001    8.9716411736E+001    1.0000000000E+002   -4.1260770427E-002    1.6208603816E-002   -2.7802634514E-002    1.0707966753E-002   -6.3031805930E-002    2.5342646633E-002   -3.0783997087E-002    1.2092978573E-002   -3.7264755344E-002    1.4352228422E-002   -5.6643926388E-002    2.2251619442E-002   -4.5913852374E-002    1.8460180842E-002
#nx: 3
