#labels: ptj1_lower[1]   ptj1_center[2]   ptj1_upper[3]   tot_scale01[4]   tot_scale01_Err[5]   tot_scale02[6]   tot_scale02_Err[7]   tot_scale03[8]   tot_scale03_Err[9]   tot_scale04[10]  tot_scale04_Err[11]  tot_scale05[12]  tot_scale05_Err[13]  tot_scale06[14]  tot_scale06_Err[15]  tot_scale07[16]  tot_scale07_Err[17] 
#neval: 3583378
#overflow:lower center upper    8.3330257307E+001    1.1334127756E+000    5.6084602564E+001    7.6280240639E-001    1.2769581262E+002    1.7376623109E+000    6.2171364510E+001    8.4562103957E-001    7.5171976672E+001    1.0224083274E+000    1.1439808108E+002    1.5559803940E+000    9.3016638234E+001    1.2657541640E+000
    1.0000000000E-002    1.1294627059E-002    1.2589254118E-002    1.2809341115E+002    4.5305086668E+001    8.8794096402E+001    3.1495001622E+001    1.8989362259E+002    6.6968943652E+001    9.5568433527E+001    3.3801396376E+001    1.1901355164E+002    4.2213752420E+001    1.7585017626E+002    6.2196075538E+001    1.3832298830E+002    4.8781756244E+001
    1.2589254118E-002    1.4219093021E-002    1.5848931925E-002    1.5271398980E+002    2.8045642118E+001    1.0554270308E+002    1.9424912384E+001    2.2714165391E+002    4.1617748562E+001    1.1393745120E+002    2.0924402437E+001    1.4146224189E+002    2.6035827907E+001    2.0964998731E+002    3.8501832884E+001    1.6545533183E+002    3.0315348504E+001
    1.5848931925E-002    1.7900777537E-002    1.9952623150E-002    6.5846591758E+002    1.2389666255E+002    4.5153460991E+002    8.4427363029E+001    9.8803048350E+002    1.8729349365E+002    4.9127082890E+002    9.2437306906E+001    6.0520619940E+002    1.1316068001E+002    9.0396021641E+002    1.7008876375E+002    7.1970468069E+002    1.3642899313E+002
    1.9952623150E-002    2.2535743732E-002    2.5118864315E-002    4.9297389931E+002    5.6573530000E+001    3.3999298714E+002    3.8989017480E+001    7.3503857408E+002    8.4461351072E+001    3.6779989620E+002    4.2208600680E+001    4.5570341465E+002    5.2258220233E+001    6.7676819833E+002    7.7665706085E+001    5.3541941376E+002    6.1523637903E+001
    2.5118864315E-002    2.8370820458E-002    3.1622776602E-002    9.6723551905E+002    2.9374684379E+002    6.5779554941E+002    1.9947647567E+002    1.4657148893E+003    4.4656524498E+002    7.2163886163E+002    2.1915979488E+002    8.8166429705E+002    2.6736466499E+002    1.3278476619E+003    4.0326378844E+002    1.0676612554E+003    3.2528864485E+002
    3.1622776602E-002    3.5716746829E-002    3.9810717055E-002    7.0429115346E+002    1.3334450213E+002    4.8219125133E+002    9.1013369465E+001    1.0586044267E+003    2.0114560213E+002    5.2546030023E+002    9.9486188031E+001    6.4629627098E+002    1.2198811391E+002    9.6687036717E+002    1.8305901912E+002    7.7111240351E+002    1.4651919528E+002
    3.9810717055E-002    4.4964720209E-002    5.0118723363E-002    7.0830364822E+002    7.0181028153E+001    4.8478154771E+002    4.7684014711E+001    1.0650294230E+003    1.0642363252E+002    5.2845395803E+002    5.2360936160E+001    6.4976812760E+002    6.3912401579E+001    9.7237883091E+002    9.6346455760E+001    7.7579252220E+002    7.7521481112E+001
    5.0118723363E-002    5.6607228905E-002    6.3095734448E-002    5.0781397248E+002    5.9520759841E+001    3.4497885187E+002    3.8188774968E+001    7.7069971149E+002    9.6480451483E+001    3.7887183607E+002    4.4407481455E+001    4.6238612773E+002    5.1185629740E+001    6.9714106107E+002    8.1711744694E+001    5.6139582637E+002    7.0278633795E+001
    6.3095734448E-002    7.1264278960E-002    7.9432823472E-002    4.2532813266E+002    3.0756504401E+001    2.9136496784E+002    2.1011145692E+001    6.3897756354E+002    4.6352632666E+001    3.1733047787E+002    2.2946933178E+001    3.9052573369E+002    2.8161906862E+001    5.8390221966E+002    4.2223379573E+001    4.6544631063E+002    3.3764349632E+001
    7.9432823472E-002    8.9716411736E-002    1.0000000000E-001    3.9477855310E+002    2.3919251237E+001    2.7054289422E+002    1.6381880992E+001    5.9292843461E+002    3.5991597932E+001    2.9453792798E+002    1.7845768578E+001    3.6261724615E+002    2.1957156144E+001    5.4196291222E+002    3.2837009399E+001    4.3190304027E+002    2.6217127842E+001
    1.0000000000E-001    1.1294627059E-001    1.2589254118E-001    4.0057464581E+002    6.6174699140E+001    2.7340474906E+002    4.4976900498E+001    6.0428762087E+002    1.0029015739E+002    2.9886229952E+002    4.9371878530E+001    3.6645308122E+002    6.0283970296E+001    5.4991994855E+002    9.0846456527E+001    4.4017733915E+002    7.3053713328E+001
    1.2589254118E-001    1.4219093021E-001    1.5848931925E-001    3.1537196335E+002    2.5927785242E+001    2.1499071002E+002    1.7279170993E+001    4.7646936790E+002    4.0220711953E+001    2.3529394873E+002    1.9344303490E+001    2.8815888675E+002    2.3159822473E+001    4.3295135046E+002    3.5594380412E+001    3.4707151248E+002    2.9297714126E+001
    1.5848931925E-001    1.7900777537E-001    1.9952623150E-001    3.1528672974E+002    2.6635794624E+001    2.1526791241E+002    1.8258279874E+001    4.7544127590E+002    4.0016027168E+001    2.3523035729E+002    1.9872537901E+001    2.8853042992E+002    2.4472153247E+001    4.3283433939E+002    3.6566355266E+001    3.4632262605E+002    2.9148616906E+001
    1.9952623150E-001    2.2535743732E-001    2.5118864315E-001    2.8837777439E+002    4.9331895854E+001    1.9720555162E+002    3.3844774560E+001    4.3408543554E+002    7.3969682742E+001    2.1515401857E+002    3.6805733935E+001    2.6432087326E+002    4.5363227827E+001    3.9589298153E+002    6.7724190519E+001    3.1619805765E+002    5.3881259524E+001
    2.5118864315E-001    2.8370820458E-001    3.1622776602E-001    1.4235619008E+002    5.0147591716E+001    9.6507156121E+001    3.4983840826E+001    2.1631099833E+002    7.3843945323E+001    1.0620966345E+002    3.7414311496E+001    1.2935161090E+002    4.6889954573E+001    1.9543051349E+002    6.8844000350E+001    1.5756602715E+002    5.3789669426E+001
    3.1622776602E-001    3.5716746829E-001    3.9810717055E-001    1.6176815638E+002    9.7436093702E+000    1.1045108948E+002    6.6000392861E+000    2.4393923954E+002    1.4830410327E+001    1.2069261924E+002    7.2695502136E+000    1.4804110830E+002    8.8462425793E+000    2.2207979752E+002    1.3376296327E+001    1.7769108892E+002    1.0802820264E+001
    3.9810717055E-001    4.4964720209E-001    5.0118723363E-001    1.3810486805E+002    1.4425429860E+001    9.3715991807E+001    9.3966227002E+000    2.0973993961E+002    2.2935152799E+001    1.0303782047E+002    1.0762581168E+001    1.2561052460E+002    1.2594592279E+001    1.8959418107E+002    1.9803628935E+001    1.5277951317E+002    1.6706505616E+001
    5.0118723363E-001    5.6607228905E-001    6.3095734448E-001    1.0533648590E+002    7.0073499271E+000    7.1911482610E+001    4.6475586371E+000    1.5887148204E+002    1.0926608976E+001    7.8589857666E+001    5.2280710591E+000    9.6385247395E+001    6.2292706639E+000    1.4460884010E+002    9.6198837138E+000    1.1572573029E+002    7.9591993929E+000
    6.3095734448E-001    7.1264278960E-001    7.9432823472E-001    9.6028452027E+001    6.1404254930E+000    6.5533079276E+001    4.1930735577E+000    1.4488275650E+002    9.2601424932E+000    7.1645283325E+001    4.5812726843E+000    8.7836070531E+001    5.6201098564E+000    1.3183051386E+002    8.4297458826E+000    1.0553601305E+002    6.7453059471E+000
    7.9432823472E-001    8.9716411736E-001    1.0000000000E+000    7.0903022238E+001    3.6444612090E+000    4.8336668448E+001    2.4654003918E+000    1.0710768255E+002    5.5580410908E+000    5.2899604332E+001    2.7190738825E+000    6.4787174141E+001    3.3044545608E+000    9.7337629201E+001    5.0032171070E+000    7.8019759266E+001    4.0486080697E+000
    1.0000000000E+000    1.1294627059E+000    1.2589254118E+000    5.6691000219E+001    5.9727742777E+000    3.8611603568E+001    4.1019383403E+000    8.5734565153E+001    8.9491592135E+000    4.2296243321E+001    4.4561908094E+000    5.1752360362E+001    5.4979584258E+000    7.7826972450E+001    8.1995896591E+000    6.2451077035E+001    6.5187783998E+000
    1.2589254118E+000    1.4219093021E+000    1.5848931925E+000    4.6154391310E+001    5.9265775976E+000    3.1488760118E+001    4.0864132789E+000    6.9661234864E+001    8.8394578379E+000    3.4435048908E+001    4.4217242095E+000    4.2205386733E+001    5.4771496922E+000    6.3362024432E+001    8.1361695794E+000    5.0742884589E+001    6.4388693335E+000
    1.5848931925E+000    1.7900777537E+000    1.9952623150E+000    3.7081613679E+001    1.6112337871E+000    2.5296533374E+001    1.0992671668E+000    5.5972302874E+001    2.4315053604E+000    2.7665995464E+001    1.2021156099E+000    3.3905748275E+001    1.4733827475E+000    5.0906664463E+001    2.2119462891E+000    4.0771544036E+001    1.7711657871E+000
    1.9952623150E+000    2.2535743732E+000    2.5118864315E+000    3.1099617818E+001    1.8912893371E+000    2.1223569759E+001    1.2869613615E+000    4.6924923533E+001    2.8623780234E+000    2.3202924580E+001    1.4110605508E+000    2.8446625595E+001    1.7249552466E+000    4.2694415159E+001    2.5964142909E+000    3.4181219782E+001    2.0850235856E+000
    2.5118864315E+000    2.8370820458E+000    3.1622776602E+000    2.6181153592E+001    1.7935296787E+000    1.7891221267E+001    1.2336509977E+000    3.9442048922E+001    2.6820720238E+000    1.9533337540E+001    1.3381236422E+000    2.3980172922E+001    1.6535016703E+000    3.5942211488E+001    2.4622071290E+000    2.8730517630E+001    1.9536844478E+000
    3.1622776602E+000    3.5716746829E+000    3.9810717055E+000    1.8653077932E+001    7.3192580697E-001    1.2714060155E+001    4.9641783289E-001    2.8185881362E+001    1.1129081281E+000    1.3916761388E+001    5.4607807069E-001    1.7041059215E+001    6.6536461074E-001    2.5607461091E+001    1.0048079835E+000    2.0531260001E+001    8.1066849892E-001
    3.9810717055E+000    4.4964720209E+000    5.0118723363E+000    1.9063052258E+001    2.0030750456E+000    1.3000868981E+001    1.3789439543E+000    2.8786610817E+001    2.9944133581E+000    1.4222636638E+001    1.4944620696E+000    1.7425478207E+001    1.8482424413E+000    2.6170285180E+001    2.7498768020E+000    2.0968845489E+001    2.1812012339E+000
    5.0118723363E+000    5.6607228905E+000    6.3095734448E+000    7.5912951754E+000    4.7627130801E+000    5.2414039917E+000    3.1854794353E+000    1.1305278178E+001    7.3446443300E+000    5.6637432154E+000    3.5533836152E+000    7.0252204809E+000    4.2695994060E+000    1.0421539895E+001    6.5383841923E+000    8.2350309605E+000    5.3500119588E+000
    6.3095734448E+000    7.1264278960E+000    7.9432823472E+000    9.6961678618E+000    4.9022592050E-001    6.6041891808E+000    3.3289880310E-001    1.4662203929E+001    7.4384760578E-001    7.2341548673E+000    3.6574967342E-001    8.8518048152E+000    4.4619485414E-001    1.3311167313E+001    6.7299569705E-001    1.0680294762E+001    5.4183611998E-001
    7.9432823472E+000    8.9716411736E+000    1.0000000000E+001    8.6208440113E+000    3.2069616529E-001    5.8787475734E+000    2.1718371383E-001    1.3018869798E+001    4.8843078762E-001    6.4318730403E+000    2.3926625015E-001    7.8794723550E+000    2.9109823950E-001    1.1834933001E+001    4.4026056208E-001    9.4832514659E+000    3.5578449240E-001
    1.0000000000E+001    1.1294627059E+001    1.2589254118E+001    6.5500417355E+000    2.9324003594E-001    4.4693034459E+000    2.0180043136E-001    9.8845412096E+000    4.3842917562E-001    4.8868807736E+000    2.1878167370E-001    5.9903495614E+000    2.7047953671E-001    8.9920783850E+000    4.0256802861E-001    7.2001326820E+000    3.1936214025E-001
    1.2589254118E+001    1.4219093021E+001    1.5848931925E+001    4.9515602287E+000    1.8599700044E-001    3.3776392639E+000    1.2722224584E-001    7.4746360276E+000    2.8011700424E-001    3.6942794349E+000    1.3876937005E-001    4.5271573363E+000    1.7052002260E-001    6.7976387788E+000    2.5534182451E-001    5.4447009737E+000    2.0404382502E-001
    1.5848931925E+001    1.7900777537E+001    1.9952623150E+001    4.1656123733E+000    3.0912367804E-001    2.8343454001E+000    2.0572083117E-001    6.3065075251E+000    4.7966041894E-001    3.1078963829E+000    2.3063220357E-001    3.7989632904E+000    2.7573417328E-001    5.7186678338E+000    4.2437353163E-001    4.5938086531E+000    3.4939594924E-001
    1.9952623150E+001    2.2535743732E+001    2.5118864315E+001    3.2376982321E+000    1.5211746895E-001    2.2075001171E+000    1.0435461454E-001    4.8903745672E+000    2.2832872779E-001    2.4155945687E+000    1.1349239659E-001    2.9587826199E+000    1.3986980902E-001    4.4448016464E+000    2.0883106700E-001    3.5622640446E+000    1.6632002440E-001
    2.5118864315E+001    2.8370820458E+001    3.1622776602E+001    2.5023836658E+000    7.8737770839E-002    1.7029992869E+000    5.3456545694E-002    3.7875096702E+000    1.1952412999E-001    1.8669881992E+000    5.8744984233E-002    2.2825841107E+000    7.1649508459E-002    3.4353414804E+000    1.0809338869E-001    2.7589112718E+000    8.7064192094E-002
    3.1622776602E+001    3.5716746829E+001    3.9810717055E+001    1.9243933788E+000    6.0624771899E-002    1.3105568546E+000    4.1407177464E-002    2.9103829557E+000    9.1411102610E-002    1.4357589438E+000    4.5231167093E-002    1.7565810365E+000    5.5499356973E-002    2.6418604346E+000    8.3227362971E-002    2.1199915092E+000    6.6586000649E-002
    3.9810717055E+001    4.4964720209E+001    5.0118723363E+001    1.6068314667E+000    6.0207999372E-002    1.0940091942E+000    4.0974429529E-002    2.4307989808E+000    9.1171298868E-002    1.1988311095E+000    4.4920219814E-002    1.4663353197E+000    5.4919331151E-002    2.2059026619E+000    8.2655206122E-002    1.7706512436E+000    6.6411321954E-002
    5.0118723363E+001    5.6607228905E+001    6.3095734448E+001    1.1767870215E+000    3.2590571908E-002    8.0015365174E-001    2.2079889740E-002    1.7828179610E+000    4.9594725028E-002    8.7798186670E-001    2.4315301443E-002    1.0724713895E+000    2.9594378503E-002    1.6155257580E+000    4.4741238155E-002    1.2986466033E+000    3.6125966088E-002
    6.3095734448E+001    7.1264278960E+001    7.9432823472E+001    9.5596905939E-001    3.3782928604E-002    6.5000642845E-001    2.2964604865E-002    1.4483260646E+000    5.1206656760E-002    7.1323313731E-001    2.5204899593E-002    8.7122429049E-001    3.0780190324E-002    1.3123807546E+000    4.6378138392E-002    1.0549948258E+000    3.7300135136E-002
    7.9432823472E+001    8.9716411736E+001    1.0000000000E+002    6.7418615041E-001    2.3092009687E-002    4.5831548596E-001    1.5736619461E-002    1.0216191201E+000    3.4892774508E-002    5.0299944173E-001    1.7228576965E-002    6.1429482324E-001    2.1092291590E-002    9.2554138666E-001    3.1701349328E-002    7.4417143492E-001    2.5416718973E-002
#nx: 3
